deletion	CHROMOSOME_I:185001-189000	4000	0.17003	503.082	7.00293e-08	14651.7	7.07282e-08	0
deletion	CHROMOSOME_I:597001-618000	21000	0.561062	0.0021004	5.72831e-12	0.0102053	5.36359e-10	0
deletion	CHROMOSOME_I:676001-730000	54000	0.658346	6.49295e-11	189091	8.88808e-11	270107	0
deletion	CHROMOSOME_I:1012001-1211000	199000	0.706534	8.00867e-13	16.1373	8.08998e-13	19.5321	0
deletion	CHROMOSOME_I:1371001-1431000	60000	0.632805	2.65621e-12	7.5724e-12	2.7478e-12	3.67446e-11	0
deletion	CHROMOSOME_I:1472001-1663000	191000	0.711515	8.34411e-13	4.26755e-07	8.43241e-13	6.2505e-07	0
deletion	CHROMOSOME_I:1723001-1725000	2000	0.19196	34272.3	0.0123648	1	1	0
deletion	CHROMOSOME_I:1741001-1759000	18000	0.546699	0.00810223	4.35799e-09	0.0918733	4.16052e-07	0
deletion	CHROMOSOME_I:1887001-1890000	3000	0.198782	710.148	6.47782e-09	1	1	0
deletion	CHROMOSOME_I:1920001-1937000	17000	0.571637	0.0393418	0.00602111	0.244435	0.14243	0
deletion	CHROMOSOME_I:1975001-1978000	3000	0.24349	3144.59	2.381e-06	1	1	0
deletion	CHROMOSOME_I:2002001-2049000	47000	0.702615	3.3909e-12	36550.7	1.06248e-11	59047.3	0
deletion	CHROMOSOME_I:2129001-2132000	3000	0.33653	127.348	2.97304e-05	1	1	0
deletion	CHROMOSOME_I:2213001-2216000	3000	0.188391	989.158	4.7855e-09	1	1	0
deletion	CHROMOSOME_I:2365001-2368000	3000	0.26735	2613.73	0.000774489	1	1	0
deletion	CHROMOSOME_I:3390001-3394000	4000	0.364325	57.6814	9.89967e-06	4043.57	1.0767	0
deletion	CHROMOSOME_I:3485001-3488000	3000	0.187356	3645.32	3.02834e-07	1	1	0
deletion	CHROMOSOME_I:3553001-3555000	2000	0.274065	10229.4	0.0395526	1	1	0
deletion	CHROMOSOME_I:3664001-3666000	2000	0.127316	40297.6	0.000916275	1	1	0
deletion	CHROMOSOME_I:3761001-3766000	5000	0.23721	178.579	9.12966e-06	10728.6	5.74759	0
deletion	CHROMOSOME_I:4280001-4295000	15000	0.0799242	1.98121e-07	1.56512e-29	1.22594e-11	1.84168e-78	0
deletion	CHROMOSOME_I:4341001-4357000	16000	0	9.96078e-12	7.03156e-152	1.13838e-11	8.38348e-132	0
deletion	CHROMOSOME_I:4540001-4547000	7000	0.373408	5.46568	3.32321e-07	282.558	0.0118805	0
deletion	CHROMOSOME_I:4573001-4575000	2000	0.208442	31349.5	0.0195708	1	1	0
deletion	CHROMOSOME_I:4814001-4816000	2000	0.112441	31847.5	8.33055e-05	1	1	0
deletion	CHROMOSOME_I:5638001-5643000	5000	0.342598	24.4963	1.73221e-09	2246.84	0.000121211	0
deletion	CHROMOSOME_I:5975001-5978000	3000	0.274979	1205.06	4.65893e-05	1	1	0
deletion	CHROMOSOME_I:7741001-7743000	2000	0.169818	735.208	1.19486e-05	1	1	0
deletion	CHROMOSOME_I:9346001-9349000	3000	0.231478	2832.58	8.75938e-05	1	1	0
deletion	CHROMOSOME_I:9679001-9683000	4000	0.166756	755.426	8.66591e-06	8229.6	1.69192e-08	0
deletion	CHROMOSOME_I:9817001-9823000	6000	0.208581	39.1144	3.41029e-12	1811.61	3.22012e-05	0
deletion	CHROMOSOME_I:10204001-10220000	16000	0.15092	7.81442e-05	309278	0.00142747	968967	0
deletion	CHROMOSOME_I:10271001-10277000	6000	0.212449	7.6855	1.7625e-12	115.822	1.05744e-13	0
deletion	CHROMOSOME_I:10528001-10530000	2000	0.195884	9350.12	0.000297035	1	1	0
deletion	CHROMOSOME_I:10852001-10855000	3000	0.0380696	146.305	2.99742e-17	1	1	0
deletion	CHROMOSOME_I:11215001-11235000	20000	0.643264	0.0168683	1.28615e-05	0.0941907	0.00035008	0
deletion	CHROMOSOME_I:11275001-11292000	17000	0.750804	0.0223019	0.465736	0.27933	6.6053	0
deletion	CHROMOSOME_I:11314001-11333000	19000	0.598858	0.000258813	2.28146e-09	0.00251449	1.83424e-07	0
deletion	CHROMOSOME_I:11480001-11482000	2000	0.0889156	10622.4	2.70887e-07	1	1	0
deletion	CHROMOSOME_I:11727001-11731000	4000	0.325716	903.879	3.07244e-05	23324.5	30.2341	0
deletion	CHROMOSOME_I:11849001-11852000	3000	0.159674	2853.72	7.26293e-10	1	1	0
deletion	CHROMOSOME_I:12191001-12194000	3000	0.271392	6711.31	0.000829438	1	1	0
deletion	CHROMOSOME_I:12479001-12498000	19000	0.664565	0.0285639	269.806	0.173725	1481.61	0
deletion	CHROMOSOME_I:13016001-13019000	3000	0.0862922	383.777	7.3229e-14	1	1	0
duplication	CHROMOSOME_I:13086001-13101000	15000	1.4917	0.0194203	349.503	0.261265	2920.08	0
deletion	CHROMOSOME_I:13404001-13408000	4000	0.107223	857.01	9.80609e-07	706.028	2.40802e-11	0
deletion	CHROMOSOME_I:13456001-13458000	2000	0.000891359	288.256	2.79263e-11	1	1	0
deletion	CHROMOSOME_I:13610001-13615000	5000	0.0321676	0.0318448	4.84814e-35	125.43	1.56516e-17	0
deletion	CHROMOSOME_I:13740001-13742000	2000	0.0347082	10452.4	4.8864e-09	1	1	0
deletion	CHROMOSOME_I:13932001-13937000	5000	0.342749	9.73398	4.16521e-09	772.329	0.000577765	0
deletion	CHROMOSOME_I:14401001-14421000	20000	0.76671	0.0150092	3.27503	0.171521	25.6742	0
deletion	CHROMOSOME_I:14452001-14457000	5000	0.261247	29.4545	4.2533e-13	3722.37	0.000229324	0
deletion	CHROMOSOME_I:14885001-14891000	6000	0.018826	0.000392087	1.09554e-44	0.211591	4.67704e-29	0
duplication	CHROMOSOME_I:15060001-15073000	13000	43.3618	0.00206575	0	3.82422e-05	0	0
deletion	CHROMOSOME_II:16001-18000	2000	0.00697298	2268.78	7.6234e-11	1	1	0
deletion	CHROMOSOME_II:140001-146000	6000	0.27075	22.0631	2.49995e-10	532.273	6.41186e-06	0
deletion	CHROMOSOME_II:478001-481000	3000	0.239682	7749.98	6.95414e-05	1	1	0
deletion	CHROMOSOME_II:696001-700000	4000	0.281318	474.344	0.000180687	66421.4	720.244	0
deletion	CHROMOSOME_II:851001-858000	7000	0.0809645	0.0097874	3.48201e-36	0.304859	3.93734e-31	0
deletion	CHROMOSOME_II:864001-866000	2000	0.21758	23121.4	0.00954555	1	1	0
deletion	CHROMOSOME_II:894001-896000	2000	0.155432	1988.11	5.50064e-06	1	1	0
duplication	CHROMOSOME_II:999001-1028000	29000	1.28371	7.33333e-07	0.172159	3.85458e-06	0.872774	0
deletion	CHROMOSOME_II:1076001-1083000	7000	0.145302	4.64721	2.69498e-13	47.9157	4.2533e-13	0
deletion	CHROMOSOME_II:1363001-1366000	3000	0.195364	1691.69	5.45579e-07	1	1	0
deletion	CHROMOSOME_II:1451001-1459000	8000	0.144961	0.00250313	3.48948e-30	0.70057	1.86887e-20	0
deletion	CHROMOSOME_II:1511001-1515000	4000	0.33566	810.46	0.0174802	31941.8	0.07575	0
deletion	CHROMOSOME_II:1950001-1953000	3000	0.33232	2134.41	0.00055025	1	1	0
deletion	CHROMOSOME_II:1961001-1987000	26000	0.0261175	6.12971e-12	2.29348e-134	6.64052e-12	7.39333e-210	0
deletion	CHROMOSOME_II:2001001-2010000	9000	0.0816102	0.139002	7.6789e-08	1.78037e-06	1.07302e-54	0
deletion	CHROMOSOME_II:2211001-2255000	44000	0.725135	1.08663e-11	46066.3	1.17632e-10	76089	0
deletion	CHROMOSOME_II:2497001-2499000	2000	0.240332	14604.4	0.0101907	1	1	0
deletion	CHROMOSOME_II:2593001-2600000	7000	0.0214716	5.48012e-05	7.36532e-50	0.00153388	1.19517e-38	0
deletion	CHROMOSOME_II:2711001-2731000	20000	0.721331	0.0271954	0.0177365	0.161101	0.234306	0
deletion	CHROMOSOME_II:2980001-2983000	3000	0.211022	5929.83	3.54712e-05	1	1	0
deletion	CHROMOSOME_II:3160001-3169000	9000	0.0588941	0.00188776	5.53951e-30	5.87552e-05	6.30363e-50	0
deletion	CHROMOSOME_II:3226001-3229000	3000	0.173275	5779.79	0.00023993	1	1	0
deletion	CHROMOSOME_II:3939001-3947000	8000	0.121928	0.0928783	1.28202e-29	0.176163	6.81836e-31	0
deletion	CHROMOSOME_II:4052001-4054000	2000	0.11533	39837.1	0.00042692	1	1	0
deletion	CHROMOSOME_II:4554001-4556000	2000	0.0265695	193.398	2.23821e-10	1	1	0
deletion	CHROMOSOME_II:4897001-4899000	2000	0.225738	21345.5	0.0116974	1	1	0
deletion	CHROMOSOME_II:5073001-5078000	5000	0.294803	219.95	0.00415322	159.939	8.94365e-12	0
deletion	CHROMOSOME_II:6068001-6071000	3000	0.258361	3794.28	5.21938e-05	1	1	0
deletion	CHROMOSOME_II:6571001-6573000	2000	0.21921	15633.5	0.00339445	1	1	0
deletion	CHROMOSOME_II:6795001-6798000	3000	0.175516	1605.01	8.41904e-08	1	1	0
deletion	CHROMOSOME_II:6982001-6986000	4000	0.239002	931.18	0.00274897	14147.3	9.09889e-06	0
deletion	CHROMOSOME_II:7502001-7504000	2000	0.0926107	32919.5	3.03817e-05	1	1	0
deletion	CHROMOSOME_II:9202001-9204000	2000	0.103086	5667.08	2.69765e-07	1	1	0
deletion	CHROMOSOME_II:9567001-9569000	2000	0.0989755	18721.4	2.82322e-06	1	1	0
deletion	CHROMOSOME_II:9632001-9635000	3000	0.174666	7232.5	0.00584552	1	1	0
deletion	CHROMOSOME_II:9799001-9826000	27000	0.38883	0.0334064	4.12245e+07	0.0255413	5.64501e+07	0
deletion	CHROMOSOME_II:10337001-10339000	2000	0.0147154	1476.02	1.17368e-10	1	1	0
deletion	CHROMOSOME_II:11527001-11531000	4000	0.26434	410.383	2.473e-06	32736.8	0.00663267	0
deletion	CHROMOSOME_II:11955001-11958000	3000	0.220357	19.2696	2.01413e-10	1	1	0
deletion	CHROMOSOME_II:12285001-12287000	2000	0.1986	23749.7	0.00351536	1	1	0
deletion	CHROMOSOME_II:12582001-12605000	23000	0.714923	0.000114409	244.194	0.000196216	1005.87	0
deletion	CHROMOSOME_II:12649001-12651000	2000	0.113468	3406.34	3.62038e-07	1	1	0
deletion	CHROMOSOME_II:12844001-12846000	2000	0.216251	32328.4	0.0345687	1	1	0
deletion	CHROMOSOME_II:13430001-13465000	35000	0.660691	0.000243548	1.06224e+06	0.000601721	1.6685e+06	0
deletion	CHROMOSOME_II:14021001-14030000	9000	0.463507	5.20549	0.000378303	47.155	0.27549	0
deletion	CHROMOSOME_II:14324001-14337000	13000	0.143964	0.00705587	31939.8	0.238247	184688	0
deletion	CHROMOSOME_II:14688001-14693000	5000	0.00994089	0.00924529	3.07003e-37	80.5872	7.50757e-19	0
deletion	CHROMOSOME_II:14741001-14743000	2000	0.128207	41300.9	0.00114838	1	1	0
deletion	CHROMOSOME_II:14761001-14769000	8000	0.413217	1.60513	1.02038e-05	12.0538	3.41133e-08	0
deletion	CHROMOSOME_II:14859001-14880000	21000	0.615447	0.00026926	1.82946e-10	0.0017577	1.23165e-08	0
deletion	CHROMOSOME_II:14991001-14995000	4000	0.215744	575.203	9.28266e-07	34196.2	0.000211756	0
deletion	CHROMOSOME_II:15095001-15097000	2000	0.0460786	893.351	1.26109e-09	1	1	0
deletion	CHROMOSOME_II:15137001-15143000	6000	0.159752	6.43585	5.47171e-14	45.0318	7.59771e-19	0
deletion	CHROMOSOME_III:97001-107000	10000	0.200625	0.00840867	1.24813e-25	0.0669434	3.56368e-22	0
deletion	CHROMOSOME_III:110001-114000	4000	0.340488	385.064	0.000103346	32028.5	0.311464	0
deletion	CHROMOSOME_III:210001-292000	82000	0.663112	1.94357e-12	1.55151e-35	1.99216e-12	1.864e-34	0
deletion	CHROMOSOME_III:301001-333000	32000	0.392549	1.3972e-07	7.4384e-14	1.51085e-06	1.91928e-12	0
deletion	CHROMOSOME_III:388001-397000	9000	0.124061	0.00296471	4.17594e-27	0.00266862	9.62268e-43	0
deletion	CHROMOSOME_III:424001-428000	4000	0.128047	66.7974	6.23016e-17	26189	1.87055e-05	0
deletion	CHROMOSOME_III:588001-591000	3000	0.181249	2057.59	2.20161e-07	1	1	0
deletion	CHROMOSOME_III:979001-1235000	256000	0.735131	6.22549e-13	2.871e+09	6.27451e-13	2.871e+09	0
deletion	CHROMOSOME_III:1363001-1370000	7000	0.134795	0.359911	1.86406e-21	57.5523	7.86106e-13	0
deletion	CHROMOSOME_III:1480001-1569000	89000	0.651986	1.7907e-12	5.31418e-26	1.83187e-12	3.20586e-25	0
deletion	CHROMOSOME_III:1723001-1752000	29000	0.729657	5.49368e-07	0.0423976	3.14192e-06	0.236747	0
deletion	CHROMOSOME_III:2078001-2082000	4000	0.00441919	0.0449552	3.73049e-30	2881.11	1.0349e-10	0
deletion	CHROMOSOME_III:2119001-2121000	2000	0.168885	2501.96	1.53566e-05	1	1	0
deletion	CHROMOSOME_III:2494001-2503000	9000	0.245068	3.87525	0.00100969	50.4192	0.591166	0
deletion	CHROMOSOME_III:2761001-2766000	5000	0.368721	11.1905	1.8905e-07	3311.64	0.561254	0
deletion	CHROMOSOME_III:3180001-3338000	158000	0.727883	1.00869e-12	574.335	1.02162e-12	698.169	0
deletion	CHROMOSOME_III:3385001-3387000	2000	0.167293	19324.2	0.000259804	1	1	0
deletion	CHROMOSOME_III:3895001-3898000	3000	0.231685	1885.89	6.85563e-06	1	1	0
deletion	CHROMOSOME_III:4254001-4257000	3000	0.248957	1649.84	2.05541e-05	1	1	0
deletion	CHROMOSOME_III:4749001-4753000	4000	0.418157	635.474	0.0103978	19081.6	1.01406	0
deletion	CHROMOSOME_III:5786001-5790000	4000	0.290302	74.359	8.45093e-10	28761.5	0.759726	0
deletion	CHROMOSOME_III:6567001-6577000	10000	0.177765	0.12757	1.25343e-07	4.70264	0.00023447	0
deletion	CHROMOSOME_III:6659001-6665000	6000	0.329804	11.3213	2.8204e-11	266.017	4.08229e-11	0
deletion	CHROMOSOME_III:6982001-6986000	4000	0.430372	125.12	0.000753323	4759.23	175.205	0
deletion	CHROMOSOME_III:6998001-7001000	3000	0.0688325	783.443	1.57811e-13	1	1	0
deletion	CHROMOSOME_III:7403001-7444000	41000	0.0737214	3.88713e-12	8.93967e-17	4.08647e-12	2.62373e-76	0
deletion	CHROMOSOME_III:7448001-7453000	5000	0.103332	28.1948	8.47697e-15	83.1094	2.96249e-18	0
deletion	CHROMOSOME_III:7595001-7605000	10000	0.442356	1.45752	5.24857e-05	11.4495	0.00011122	0
deletion	CHROMOSOME_III:10219001-10222000	3000	0.0908863	456.179	1.18696e-13	1	1	0
deletion	CHROMOSOME_III:11160001-11162000	2000	0.0920183	22800.1	4.00725e-06	1	1	0
deletion	CHROMOSOME_III:11429001-11437000	8000	0.254129	0.327021	1.98309e-13	3.09368	1.0624e-15	0
deletion	CHROMOSOME_III:11546001-11608000	62000	0.626582	3.77096e-09	17790.5	2.23573e-08	26192.9	0
deletion	CHROMOSOME_III:11642001-11648000	6000	0.196217	61.0818	4.05665e-08	870.682	2.41822e-06	0
deletion	CHROMOSOME_III:11734001-11737000	3000	0.20329	285.707	7.26293e-10	1	1	0
deletion	CHROMOSOME_III:11964001-11968000	4000	0.344332	102.992	3.61136e-06	34121.1	101.824	0
deletion	CHROMOSOME_III:12072001-12074000	2000	0.224106	16185.6	0.0049389	1	1	0
deletion	CHROMOSOME_III:12209001-12213000	4000	0.38319	791.934	0.00422786	8078.82	0.0123648	0
deletion	CHROMOSOME_III:12262001-12350000	88000	0.699141	1.81105e-12	1.3764e+07	1.85317e-12	1.55402e+07	0
deletion	CHROMOSOME_III:12476001-12553000	77000	0.696582	2.06977e-12	541.91	2.12497e-12	810.175	0
deletion	CHROMOSOME_III:12646001-12649000	3000	0.318586	759.395	0.000163503	1	1	0
deletion	CHROMOSOME_III:13075001-13091000	16000	0.206115	0.00256543	0.0234552	0.00888901	0.570444	0
deletion	CHROMOSOME_III:13446001-13449000	3000	0.321474	2850.24	0.0266092	1	1	0
deletion	CHROMOSOME_III:13584001-13601000	17000	0.0738076	9.37485e-12	2.80801e-76	1.06248e-11	7.76358e-107	0
deletion	CHROMOSOME_III:13610001-13613000	3000	0.205811	470.115	5.46976e-09	1	1	0
duplication	CHROMOSOME_III:13764001-13775000	11000	2.07341	0.00370888	4.15363e-67	0.099042	2.55533e-53	0
deletion	CHROMOSOME_IV:507001-513000	6000	0.10771	36.5941	1.09301e-05	1.14818	1.23662e-27	0
deletion	CHROMOSOME_IV:689001-707000	18000	0.204752	0.00599316	2.63473e+06	0.0963733	5.73078e+06	0
deletion	CHROMOSOME_IV:890001-912000	22000	0.0556325	7.24421e-12	1.08181e-74	7.96863e-12	1.11493e-163	0
deletion	CHROMOSOME_IV:1270001-1273000	3000	0.220687	6904.05	0.00044674	1	1	0
deletion	CHROMOSOME_IV:1279001-1282000	3000	0.202763	7249.33	0.0247576	1	1	0
deletion	CHROMOSOME_IV:1475001-1500000	25000	0.688683	0.025471	27692	0.176097	69760.3	0
deletion	CHROMOSOME_IV:1703001-1706000	3000	0.132173	185.168	8.70543e-13	1	1	0
deletion	CHROMOSOME_IV:1730001-1772000	42000	0.684808	6.34545e-07	59047.8	1.14957e-06	98715.7	0
deletion	CHROMOSOME_IV:1840001-1863000	23000	0.710794	0.0161879	0.0887209	0.134798	0.727678	0
deletion	CHROMOSOME_IV:1931001-1933000	2000	0.106573	21558.3	8.15192e-06	1	1	0
deletion	CHROMOSOME_IV:2368001-2408000	40000	0.638931	8.37327e-07	233932	3.87197e-06	374574	0
deletion	CHROMOSOME_IV:2484001-2487000	3000	0.248859	2490.6	2.87423e-06	1	1	0
deletion	CHROMOSOME_IV:2574001-2576000	2000	0.0438003	2466.67	1.52327e-09	1	1	0
deletion	CHROMOSOME_IV:2903001-2906000	3000	0.310495	1614.58	3.43286e-05	1	1	0
deletion	CHROMOSOME_IV:3149001-3151000	2000	0.233831	5386.48	0.0017576	1	1	0
deletion	CHROMOSOME_IV:3315001-3320000	5000	0.244028	27.9307	1.05524e-12	3979.68	0.00039557	0
deletion	CHROMOSOME_IV:3498001-3502000	4000	0.18759	855.999	1.38849e-05	33770.6	4.49515e-05	0
deletion	CHROMOSOME_IV:4416001-4422000	6000	0.248383	70.8327	0.00259424	55.1486	4.64511e-16	0
deletion	CHROMOSOME_IV:4823001-4825000	2000	0.13768	12502.8	1.14196e-05	1	1	0
deletion	CHROMOSOME_IV:4921001-4928000	7000	0.227529	10.2524	5.24852e-12	394.554	4.41752e-06	0
deletion	CHROMOSOME_IV:5772001-5775000	3000	0.159924	4566.84	2.91641e-05	1	1	0
deletion	CHROMOSOME_IV:6318001-6321000	3000	0.31224	917.436	0.000108901	1	1	0
deletion	CHROMOSOME_IV:6348001-6353000	5000	0.422936	15.7074	0.000166444	3809.03	32.8076	0
deletion	CHROMOSOME_IV:6683001-6729000	46000	0.179884	3.46462e-12	2.39818e+06	3.6221e-12	3.26374e+06	0
deletion	CHROMOSOME_IV:7563001-7568000	5000	0.316845	890.203	0.0227247	1300.19	4.7471e-10	0
deletion	CHROMOSOME_IV:8072001-8074000	2000	0.0837415	28043.1	6.66917e-06	1	1	0
deletion	CHROMOSOME_IV:8400001-8404000	4000	0.318525	1075.41	0.000255294	64796.5	5.20847	0
deletion	CHROMOSOME_IV:9066001-9068000	2000	0.246903	9327.08	0.00702072	1	1	0
deletion	CHROMOSOME_IV:9409001-9414000	5000	0.227499	184.169	4.1543e-07	5122.85	0.00013795	0
deletion	CHROMOSOME_IV:11302001-11304000	2000	0.256006	7977	0.0100013	1	1	0
deletion	CHROMOSOME_IV:11419001-11421000	2000	0.065956	4985.05	1.49213e-08	1	1	0
deletion	CHROMOSOME_IV:11611001-11616000	5000	0.058494	9.19568	8.15145e-21	18.5027	3.62258e-20	0
duplication	CHROMOSOME_IV:11839001-12022000	183000	2.15	0	7.09736e+08	0	7.2066e+08	0
deletion	CHROMOSOME_IV:12022001-12026000	4000	0.154721	259.469	1.68764e-10	18715	2.82322e-06	0
duplication	CHROMOSOME_IV:12026001-12220000	194000	2.07928	0	2.87098e+09	0	2.87098e+09	0
deletion	CHROMOSOME_IV:12248001-12251000	3000	0.214153	1373.11	4.02505e-07	1	1	0
deletion	CHROMOSOME_IV:12314001-12319000	5000	0.284075	747.151	0.0246941	16088.2	658.824	0
deletion	CHROMOSOME_IV:12321001-12326000	5000	0.339626	409.65	0.000125079	11446.5	27.6391	0
duplication	CHROMOSOME_IV:12544001-12556000	12000	1.8897	0.00220133	3.74117e-27	0.0072377	5.36577e-39	0
deletion	CHROMOSOME_IV:12730001-12734000	4000	0.302222	2015.98	0.0179194	6492.97	5.24236e-07	0
deletion	CHROMOSOME_IV:12929001-12933000	4000	0.43099	134.706	0.00100296	47714.6	1696.91	0
deletion	CHROMOSOME_IV:13294001-13297000	3000	0.165314	4408.61	4.06224e-05	1	1	0
deletion	CHROMOSOME_IV:13436001-13439000	3000	0.0865889	735.285	6.53274e-14	1	1	0
deletion	CHROMOSOME_IV:13462001-13465000	3000	0.213408	1497.55	1.65822e-07	1	1	0
deletion	CHROMOSOME_IV:13733001-13741000	8000	0.34239	3.46556	1.90043e-05	23.6022	1.64924e-06	0
deletion	CHROMOSOME_IV:13930001-13934000	4000	0.0373823	4.07077	5.79747e-25	3396.62	2.69816e-10	0
deletion	CHROMOSOME_IV:14012001-14014000	2000	0.269367	3794.93	0.0124536	1	1	0
deletion	CHROMOSOME_IV:14476001-14482000	6000	0.209102	15.1387	4.7187e-08	4.25092	3.1519e-22	0
deletion	CHROMOSOME_IV:14545001-14547000	2000	0.227194	30156.3	0.045574	1	1	0
duplication	CHROMOSOME_IV:15057001-15075000	18000	2.8783	7.1482e-05	3.86513e-17	0.00161928	2.89538e-14	0
duplication	CHROMOSOME_IV:15083001-15188000	105000	2.95479	0	1.79848e+09	0	1.81458e+09	0
deletion	CHROMOSOME_IV:15342001-15345000	3000	0.235122	6077.92	4.89318e-05	1	1	0
deletion	CHROMOSOME_IV:15373001-15377000	4000	0.227149	1343.61	0.00090174	52328.6	0.0308805	0
deletion	CHROMOSOME_IV:15484001-15486000	2000	0.122447	28636.1	8.47571e-05	1	1	0
deletion	CHROMOSOME_IV:15596001-15601000	5000	0.283497	194.51	2.49876e-06	3021.26	2.28469e-06	0
deletion	CHROMOSOME_IV:15652001-15655000	3000	0.365467	4528.89	0.0285536	1	1	0
deletion	CHROMOSOME_IV:15708001-15710000	2000	0.08069	16478.8	5.13928e-07	1	1	0
deletion	CHROMOSOME_IV:16127001-16130000	3000	0.237638	3710.93	7.10168e-06	1	1	0
deletion	CHROMOSOME_IV:16153001-16155000	2000	0.239914	1737.22	0.00148866	1	1	0
deletion	CHROMOSOME_IV:16680001-16682000	2000	0.227158	4902.21	0.00107238	1	1	0
deletion	CHROMOSOME_IV:16843001-16870000	27000	0.662484	4.18317e-06	0.00992448	2.36338e-05	0.0700962	0
deletion	CHROMOSOME_IV:16879001-16884000	5000	0.247188	254.793	3.6374e-09	9301.08	0.0524431	0
deletion	CHROMOSOME_IV:16931001-16965000	34000	0.659281	1.02719e-05	2.79631e+09	6.66288e-06	2.80065e+09	0
deletion	CHROMOSOME_IV:17060001-17063000	3000	0.127508	1929.28	6.0732e-09	1	1	0
deletion	CHROMOSOME_IV:17389001-17392000	3000	0.103843	284.948	2.13801e-14	1	1	0
deletion	CHROMOSOME_V:739001-742000	3000	0.246714	4579.01	4.27811e-05	1	1	0
deletion	CHROMOSOME_V:766001-771000	5000	0.0201726	0.0327056	4.7958e-36	140.88	3.90598e-18	0
deletion	CHROMOSOME_V:959001-975000	16000	0.611426	0.0339392	0.00952886	0.427973	0.259367	0
deletion	CHROMOSOME_V:1108001-1111000	3000	0.285781	2653.79	0.000398442	1	1	0
deletion	CHROMOSOME_V:1215001-1218000	3000	0.0801812	428.313	4.80608e-14	1	1	0
deletion	CHROMOSOME_V:1254001-1259000	5000	0.136633	11.0722	2.20172e-16	63.109	2.47089e-15	0
deletion	CHROMOSOME_V:2347001-2563000	216000	0.419463	7.37836e-13	0	7.44731e-13	0	0
deletion	CHROMOSOME_V:3325001-3331000	6000	0.0846702	1.38745	1.76536e-22	3.04523	2.04275e-26	0
deletion	CHROMOSOME_V:3434001-3441000	7000	0.125375	0.24204	1.88346e-24	3.67704	4.02932e-24	0
deletion	CHROMOSOME_V:3520001-3522000	2000	0.106068	21414.5	7.66977e-06	1	1	0
deletion	CHROMOSOME_V:4026001-4031000	5000	0.304679	114.664	9.08025e-06	2909.55	7.37303e-05	0
deletion	CHROMOSOME_V:4244001-4248000	4000	0.439198	139.262	0.0195763	17849.7	53.7864	0
deletion	CHROMOSOME_V:4333001-4337000	4000	0.164182	776.939	1.01764e-06	2096.64	1.95135e-10	0
deletion	CHROMOSOME_V:5415001-5418000	3000	0.28284	5209.48	0.0477091	1	1	0
deletion	CHROMOSOME_V:5638001-5642000	4000	0.211296	144.872	3.37896e-11	11189	0.00127112	0
deletion	CHROMOSOME_V:6070001-6096000	26000	0.114151	6.12971e-12	4.06017e-26	6.64052e-12	2.60323e-138	0
deletion	CHROMOSOME_V:6369001-6372000	3000	0.178807	2329.24	1.0405e-06	1	1	0
deletion	CHROMOSOME_V:6571001-6574000	3000	0.312837	486.013	2.8482e-05	1	1	0
deletion	CHROMOSOME_V:6938001-6940000	2000	0.0766075	10124.8	1.0066e-07	1	1	0
deletion	CHROMOSOME_V:7442001-7445000	3000	0.34244	2364.75	0.0081602	1	1	0
deletion	CHROMOSOME_V:7718001-7721000	3000	0.069069	177.714	1.28987e-15	1	1	0
deletion	CHROMOSOME_V:7889001-7891000	2000	0.244698	19977.1	0.0282291	1	1	0
deletion	CHROMOSOME_V:7912001-7925000	13000	0.264289	0.00768244	8.8746e-06	0.0606821	0.00151509	0
deletion	CHROMOSOME_V:8315001-8318000	3000	0.303175	6000.25	0.0341192	1	1	0
deletion	CHROMOSOME_V:8328001-8331000	3000	0.342264	297.617	0.000143315	1	1	0
deletion	CHROMOSOME_V:8700001-8703000	3000	0.204788	1737.35	7.43007e-08	1	1	0
deletion	CHROMOSOME_V:8706001-8710000	4000	0.0310885	12.0239	1.26038e-23	1110.69	4.88984e-11	0
deletion	CHROMOSOME_V:9429001-9434000	5000	0.0385509	0.020861	2.46668e-35	62.0733	1.23069e-18	0
deletion	CHROMOSOME_V:9602001-9605000	3000	0.158219	4103.71	9.93231e-06	1	1	0
deletion	CHROMOSOME_V:9938001-9940000	2000	0.185066	42611.9	0.0307604	1	1	0
deletion	CHROMOSOME_V:10136001-10142000	6000	0.315081	43.0493	1.44664e-06	2556.66	0.181796	0
deletion	CHROMOSOME_V:10268001-10270000	2000	0.0473218	9333.79	9.75254e-09	1	1	0
deletion	CHROMOSOME_V:10605001-10613000	8000	0.314514	36.5547	0.000657399	154.766	0.950342	0
deletion	CHROMOSOME_V:12373001-12377000	4000	0.339858	267.53	2.33226e-05	33072.2	10.4194	0
deletion	CHROMOSOME_V:13640001-13646000	6000	0.0930142	0.199255	7.84918e-29	0.419362	1.56818e-26	0
deletion	CHROMOSOME_V:14108001-14110000	2000	0.141231	7337.81	5.54209e-06	1	1	0
deletion	CHROMOSOME_V:14124001-14126000	2000	0.17089	10368.3	7.00543e-05	1	1	0
deletion	CHROMOSOME_V:14303001-14305000	2000	0.0501795	3976.18	3.55496e-09	1	1	0
deletion	CHROMOSOME_V:15555001-15559000	4000	0.293621	86.6653	9.16703e-08	8257.99	0.0049389	0
deletion	CHROMOSOME_V:15681001-15685000	4000	0.145731	69.4714	2.67563e-14	9830.65	3.87401e-07	0
deletion	CHROMOSOME_V:15907001-15910000	3000	0.0892499	584.864	3.80089e-13	1	1	0
deletion	CHROMOSOME_V:16106001-16112000	6000	0.262638	36.879	5.74094e-07	34.1054	4.31759e-17	0
deletion	CHROMOSOME_V:16312001-16314000	2000	0.132036	40881.2	0.00132251	1	1	0
deletion	CHROMOSOME_V:17130001-17132000	2000	0.00178272	577.026	3.23784e-11	1	1	0
duplication	CHROMOSOME_V:17132001-17308000	176000	1.5939	0	2.871e+09	0	2.871e+09	0
duplication	CHROMOSOME_V:17316001-17385000	69000	1.53446	0	4.25341e+07	0	4.80575e+07	0
duplication	CHROMOSOME_V:17394001-17423000	29000	1.58501	3.8097e-05	2.84011e+09	5.97079e-05	2.84223e+09	0
deletion	CHROMOSOME_V:17952001-17969000	17000	0.595487	0.0227769	0.00137312	0.0992515	0.0386507	0
deletion	CHROMOSOME_V:18038001-18045000	7000	0.484085	10.1531	3.34632e-05	60.8113	0.3203	0
duplication	CHROMOSOME_V:18047001-18065000	18000	2.89432	0.000453149	3.33871e-28	6.6831e-05	6.56987e-237	0
deletion	CHROMOSOME_V:18065001-18119000	54000	0.688157	1.47567e-11	12.9785	1.16465e-10	26.4419	0
deletion	CHROMOSOME_V:18428001-18430000	2000	0.0756383	26409.1	2.83612e-06	1	1	0
deletion	CHROMOSOME_V:18776001-18814000	38000	0.729464	4.19401e-12	6.08294e-05	4.42701e-12	0.000319002	0
deletion	CHROMOSOME_V:18882001-18884000	2000	0.197901	9342.12	0.00033745	1	1	0
deletion	CHROMOSOME_V:19113001-19126000	13000	0.523758	0.0485992	0.0743676	0.95403	3.163	0
deletion	CHROMOSOME_V:19186001-19201000	15000	0.574716	0.0424247	6.24762e-07	0.230796	7.74275e-06	0
deletion	CHROMOSOME_V:19939001-19953000	14000	0.553312	1.1164	0.000241369	4.29485	0.0115814	0
deletion	CHROMOSOME_V:20042001-20045000	3000	0.379302	2163.99	0.0315641	1	1	0
deletion	CHROMOSOME_V:20273001-20275000	2000	0.147385	13727.4	2.72214e-05	1	1	0
deletion	CHROMOSOME_V:20510001-20514000	4000	0.154704	1071.22	0.000122071	6300.4	2.27156e-08	0
deletion	CHROMOSOME_X:14001-110000	96000	0.708458	1.66013e-12	1.2317e+09	1.69545e-12	1.25361e+09	0
deletion	CHROMOSOME_X:142001-170000	28000	0.663747	0.0262889	53496.4	0.11001	116456	0
deletion	CHROMOSOME_X:179001-190000	11000	0.565127	2.34281	0.00380045	0.737579	1.13737e-05	0
deletion	CHROMOSOME_X:277001-292000	15000	0.550505	0.0242614	5.56363e-13	0.391155	4.369e-10	0
deletion	CHROMOSOME_X:317001-322000	5000	0.451282	83.1088	0.000648303	2368.49	74.1788	0
deletion	CHROMOSOME_X:1136001-1141000	5000	0.149861	1.92494	5.55828e-22	160.583	4.20966e-14	0
deletion	CHROMOSOME_X:1782001-1785000	3000	0.406361	151.861	0.00629657	1	1	0
deletion	CHROMOSOME_X:2058001-2064000	6000	0.231751	7.40127	1.8485e-16	173.909	3.4524e-11	0
deletion	CHROMOSOME_X:2462001-2466000	4000	0.425365	174.954	0.00587634	21470.3	4107.43	0
deletion	CHROMOSOME_X:2992001-2995000	3000	0.0605889	549.055	2.24779e-14	1	1	0
deletion	CHROMOSOME_X:3073001-3078000	5000	0.125422	2.56124	1.24172e-22	382.064	6.27596e-13	0
deletion	CHROMOSOME_X:3363001-3365000	2000	0.119014	4750.48	7.06741e-07	1	1	0
deletion	CHROMOSOME_X:3846001-3848000	2000	0.0678805	11426.2	7.0772e-08	1	1	0
deletion	CHROMOSOME_X:4026001-4034000	8000	0.216261	0.125028	2.11158e-20	10.9147	4.05475e-13	0
deletion	CHROMOSOME_X:4036001-4056000	20000	0.192185	1.53396e-08	2.10053e-16	6.0929e-07	6.85331e-14	0
deletion	CHROMOSOME_X:4200001-4206000	6000	0.451526	216.679	0.0458205	2532.09	181.992	0
duplication	CHROMOSOME_X:4692001-4709000	17000	2.07047	1.6856e-08	1.34778e-93	4.50408e-07	1.47318e-81	0
deletion	CHROMOSOME_X:5045001-5056000	11000	0.151056	0.00161707	7.53039e-23	1.67409e-05	2.22678e-54	0
deletion	CHROMOSOME_X:5284001-5286000	2000	0.242098	1193.81	0.00157641	1	1	0
deletion	CHROMOSOME_X:5906001-5916000	10000	0.134279	0.00362208	2.39422e-22	0.00550252	4.80197e-36	0
deletion	CHROMOSOME_X:6826001-6830000	4000	0.118632	747.665	4.08245e-07	367.578	3.50876e-11	0
deletion	CHROMOSOME_X:7017001-7019000	2000	0.188221	13852.8	0.000383251	1	1	0
deletion	CHROMOSOME_X:7351001-7361000	10000	0.0403101	2.98231e-05	4.98456e-41	4.17755e-08	5.07578e-63	0
deletion	CHROMOSOME_X:9185001-9187000	2000	0.0594488	19653.7	2.30641e-07	1	1	0
deletion	CHROMOSOME_X:9604001-9608000	4000	0.226229	1478.73	0.00870556	4116.74	5.84541e-09	0
deletion	CHROMOSOME_X:10361001-10371000	10000	0.221925	0.00574722	2.65241e-22	0.00171411	5.97123e-39	0
deletion	CHROMOSOME_X:11311001-11313000	2000	0.219232	790.738	0.000338483	1	1	0
deletion	CHROMOSOME_X:11975001-11980000	5000	0.296951	207.441	8.63897e-06	1584.69	6.70193e-08	0
deletion	CHROMOSOME_X:12520001-12522000	2000	0.0987848	18435.8	2.63334e-06	1	1	0
deletion	CHROMOSOME_X:14362001-14364000	2000	0.078497	3722.31	2.91224e-08	1	1	0
deletion	CHROMOSOME_X:14385001-14390000	5000	0.0902901	14.1863	2.36909e-19	721.347	3.66822e-14	0
deletion	CHROMOSOME_X:14723001-14725000	2000	0.119715	6923.15	1.14105e-06	1	1	0
deletion	CHROMOSOME_X:15808001-15811000	3000	0.238906	627.659	1.86191e-08	1	1	0
deletion	CHROMOSOME_X:16100001-16102000	2000	0.0922066	30132.1	1.72376e-05	1	1	0
deletion	CHROMOSOME_X:16758001-16761000	3000	0.233957	1204.16	2.72287e-07	1	1	0
deletion	CHROMOSOME_X:16932001-16940000	8000	0.345798	2.37244	6.05111e-07	43.8023	0.00502209	0
deletion	CHROMOSOME_X:17218001-17221000	3000	0.24807	1590.41	1.20955e-05	1	1	0
deletion	CHROMOSOME_X:17280001-17284000	4000	0.192091	514.612	5.95802e-10	17316.1	1.18707e-07	0
deletion	CHROMOSOME_X:17310001-17312000	2000	0.200958	33188.9	0.0171376	1	1	0
deletion	CHROMOSOME_X:17688001-17693000	5000	0.283362	268.048	0.00453594	4168.69	0.000610228	0
duplication	CHROMOSOME_MtDNA:1-14000	14000	17.823	0.00171886	4.14037e-100	6.39509e-06	0	0
