deletion	CHROMOSOME_I:185001-189000	4000	0.166463	710.252	0.00099825	14898.2	8.85296e-05	0
deletion	CHROMOSOME_I:597001-618000	21000	0.576291	0.00495412	0.00314045	0.0213318	0.0432652	0
deletion	CHROMOSOME_I:676001-680000	4000	0.287468	274.318	0.000845896	30365.1	8.24507	0
deletion	CHROMOSOME_I:1117001-1125000	8000	0.252948	0.00866646	5.84232e-18	0.179796	3.5901e-18	0
deletion	CHROMOSOME_I:1371001-1431000	60000	0.656188	2.65621e-12	6.69028e-05	2.7478e-12	0.000190486	0
deletion	CHROMOSOME_I:1472001-1475000	3000	0.207626	3280.94	0.0161885	1	1	0
deletion	CHROMOSOME_I:1739001-1760000	21000	0.624484	0.0489041	5888.73	0.129796	20499.2	0
deletion	CHROMOSOME_I:1887001-1890000	3000	0.227997	179.937	7.02638e-06	1	1	0
deletion	CHROMOSOME_I:1993001-2028000	35000	0.745064	5.80662e-08	13.4619	5.92214e-07	40.2758	0
deletion	CHROMOSOME_I:2213001-2216000	3000	0.223635	256.634	1.44266e-05	1	1	0
deletion	CHROMOSOME_I:2365001-2368000	3000	0.207302	1905.84	0.00123178	1	1	0
deletion	CHROMOSOME_I:3485001-3488000	3000	0.206861	4503.27	0.00457102	1	1	0
deletion	CHROMOSOME_I:4280001-4295000	15000	0.0723325	6.06359e-08	1.61306e-29	1.22594e-11	5.68633e-65	0
deletion	CHROMOSOME_I:4341001-4357000	16000	0.000141162	9.96078e-12	1.45828e-120	1.13838e-11	7.47591e-105	0
duplication	CHROMOSOME_I:4387001-4402000	15000	1.3414	0.00437767	1.09938	0.0260884	19.8031	0
deletion	CHROMOSOME_I:4540001-4547000	7000	0.333849	4.23867	0.000206137	267.503	1.17368	0
deletion	CHROMOSOME_I:5638001-5643000	5000	0.31215	134.395	0.000193554	2822.32	0.0062341	0
deletion	CHROMOSOME_I:7741001-7743000	2000	0.10919	3253	0.000265765	1	1	0
deletion	CHROMOSOME_I:7843001-7846000	3000	0.0299776	82.5527	2.07046e-13	1	1	0
deletion	CHROMOSOME_I:9346001-9349000	3000	0.2077	2439.16	0.00317056	1	1	0
deletion	CHROMOSOME_I:9679001-9683000	4000	0.142471	806.429	0.00145131	166.425	3.74701e-06	0
deletion	CHROMOSOME_I:9817001-9823000	6000	0.249603	74.415	0.000257611	2536.13	5.75423	0
deletion	CHROMOSOME_I:10204001-10221000	17000	0.17252	6.91875e-05	37251.7	0.000431513	139983	0
deletion	CHROMOSOME_I:10271001-10277000	6000	0.251041	44.9041	0.0313045	77.4578	7.73259e-11	0
deletion	CHROMOSOME_I:10528001-10530000	2000	0.172475	2322.1	0.00809482	1	1	0
deletion	CHROMOSOME_I:10852001-10855000	3000	0.00874899	11.8219	9.60554e-15	1	1	0
deletion	CHROMOSOME_I:11170001-11172000	2000	0.129356	20402.2	0.0112036	1	1	0
deletion	CHROMOSOME_I:11215001-11235000	20000	0.635723	0.0378868	0.00647879	0.179314	0.094656	0
deletion	CHROMOSOME_I:11480001-11482000	2000	0.0813335	3173.43	5.09463e-05	1	1	0
deletion	CHROMOSOME_I:11849001-11852000	3000	0.14362	2289.71	1.36161e-06	1	1	0
deletion	CHROMOSOME_I:13016001-13019000	3000	0.0888	258.133	4.01184e-10	1	1	0
deletion	CHROMOSOME_I:13404001-13408000	4000	0.0951245	579.838	7.86224e-06	1136.75	1.70488e-07	0
deletion	CHROMOSOME_I:13610001-13615000	5000	0.024611	0.0434431	1.43901e-26	170.093	1.89693e-12	0
deletion	CHROMOSOME_I:13740001-13742000	2000	0.029737	9900.98	7.6884e-06	1	1	0
deletion	CHROMOSOME_I:14452001-14457000	5000	0.252554	40.5716	1.16929e-07	4567.56	0.420695	0
deletion	CHROMOSOME_I:14855001-15060000	205000	0.493878	7.77427e-13	4.70914e-134	7.85086e-13	1.16404e-132	0
duplication	CHROMOSOME_I:15060001-15073000	13000	56.3708	0.0127358	0	0.00245396	0	0
deletion	CHROMOSOME_II:16001-18000	2000	0.00771995	2513.7	4.68068e-07	1	1	0
deletion	CHROMOSOME_II:140001-146000	6000	0.274923	30.7913	4.03395e-06	568.649	0.00238375	0
deletion	CHROMOSOME_II:478001-481000	3000	0.216543	6121.86	0.00620693	1	1	0
deletion	CHROMOSOME_II:851001-858000	7000	0.0707788	0.00242926	1.04145e-32	0.210025	9.99993e-25	0
deletion	CHROMOSOME_II:894001-896000	2000	0.164418	7688.03	0.0111624	1	1	0
deletion	CHROMOSOME_II:1076001-1081000	5000	0.0285699	0.126835	4.19005e-26	130.442	3.97866e-13	0
deletion	CHROMOSOME_II:1363001-1366000	3000	0.226001	3008.54	0.0275678	1	1	0
deletion	CHROMOSOME_II:1451001-1459000	8000	0.129171	0.0030146	4.305e-24	0.844115	6.91812e-16	0
deletion	CHROMOSOME_II:1511001-1515000	4000	0.315676	377.151	0.00489059	29329.8	3.97278	0
deletion	CHROMOSOME_II:1564001-1567000	3000	0.293937	771.163	0.00159952	1	1	0
deletion	CHROMOSOME_II:1950001-1953000	3000	0.323813	741.604	0.0127998	1	1	0
deletion	CHROMOSOME_II:1961001-1987000	26000	0.0281414	6.12971e-12	1.56511e-96	6.64052e-12	1.58735e-172	0
deletion	CHROMOSOME_II:2002001-2010000	8000	0.00852704	1.07776e-08	1.96017e-50	2.5234e-09	2.50576e-39	0
deletion	CHROMOSOME_II:2267001-2270000	3000	0.257661	2300.07	0.00350902	1	1	0
deletion	CHROMOSOME_II:2497001-2499000	2000	0.197334	4086.73	0.038817	1	1	0
deletion	CHROMOSOME_II:2593001-2600000	7000	0.0201434	1.57564e-05	7.34647e-41	0.00619278	1.12686e-28	0
deletion	CHROMOSOME_II:2980001-2983000	3000	0.196781	4718.93	0.000146016	1	1	0
deletion	CHROMOSOME_II:3160001-3169000	9000	0.0670183	0.0121863	1.21042e-15	2.02895e-05	2.20012e-40	0
deletion	CHROMOSOME_II:3939001-3947000	8000	0.0976618	0.0324109	3.49409e-23	0.0550968	1.4725e-26	0
deletion	CHROMOSOME_II:4052001-4054000	2000	0.0984592	31914.5	0.0133942	1	1	0
deletion	CHROMOSOME_II:4554001-4556000	2000	0.0238552	962.583	9.7249e-07	1	1	0
deletion	CHROMOSOME_II:6074001-6077000	3000	0.113742	65.5791	2.05798e-10	1	1	0
deletion	CHROMOSOME_II:7502001-7504000	2000	0.104385	37573	0.0415496	1	1	0
deletion	CHROMOSOME_II:9202001-9204000	2000	0.101776	3048.59	0.000166942	1	1	0
deletion	CHROMOSOME_II:9567001-9569000	2000	0.121671	23578.5	0.0121268	1	1	0
deletion	CHROMOSOME_II:9808001-9825000	17000	0.0168216	9.37485e-12	2.90417e-96	1.06248e-11	6.53697e-84	0
deletion	CHROMOSOME_II:10337001-10339000	2000	0.00802878	766.201	3.36752e-07	1	1	0
deletion	CHROMOSOME_II:11230001-11232000	2000	0.104029	19589.4	0.0026649	1	1	0
deletion	CHROMOSOME_II:11955001-11958000	3000	0.181031	12.1746	2.89524e-08	1	1	0
deletion	CHROMOSOME_II:12315001-12318000	3000	0.286057	1584.13	0.0242897	1	1	0
deletion	CHROMOSOME_II:12844001-12846000	2000	0.13336	28617.3	0.04486	1	1	0
deletion	CHROMOSOME_II:14324001-14337000	13000	0.160182	0.0078819	34278.6	0.256919	196069	0
deletion	CHROMOSOME_II:14688001-14693000	5000	0.0172927	0.105536	6.69018e-26	280.693	4.76953e-12	0
deletion	CHROMOSOME_II:14761001-14768000	7000	0.356657	3.98191	6.53653e-06	74.5705	1.58098e-05	0
deletion	CHROMOSOME_II:14877001-14880000	3000	0.24243	2502.53	0.00035881	1	1	0
deletion	CHROMOSOME_II:14991001-14995000	4000	0.216854	456.285	1.50351e-06	48291.7	0.68346	0
deletion	CHROMOSOME_II:15095001-15097000	2000	0.0606286	4899.38	1.98871e-05	1	1	0
deletion	CHROMOSOME_II:15137001-15143000	6000	0.180308	5.40812	2.45652e-11	111.868	6.19195e-11	0
deletion	CHROMOSOME_III:97001-106000	9000	0.165279	0.0149389	3.71589e-19	0.175207	2.18516e-21	0
deletion	CHROMOSOME_III:110001-114000	4000	0.309673	155.162	0.000161777	51908.1	681.513	0
deletion	CHROMOSOME_III:233001-277000	44000	0.671769	3.50112e-08	0.0494929	1.49157e-07	0.152684	0
deletion	CHROMOSOME_III:316001-334000	18000	0.182425	5.40724e-07	1.32317e-22	3.57683e-06	4.01273e-19	0
deletion	CHROMOSOME_III:388001-398000	10000	0.163692	0.00821701	5.55876e-16	0.000143811	1.62821e-38	0
deletion	CHROMOSOME_III:588001-591000	3000	0.173739	1223.47	1.8779e-05	1	1	0
deletion	CHROMOSOME_III:1089001-1124000	35000	0.621184	6.249e-05	9.52818e+07	6.38466e-05	1.15751e+08	0
deletion	CHROMOSOME_III:1363001-1370000	7000	0.123929	0.108186	3.27659e-19	25.4281	3.15519e-11	0
deletion	CHROMOSOME_III:1480001-1569000	89000	0.690699	1.7907e-12	2.13321e-19	1.83187e-12	9.1442e-19	0
deletion	CHROMOSOME_III:2078001-2082000	4000	0.0022122	0.00560217	3.23358e-23	1435.87	3.0469e-07	0
deletion	CHROMOSOME_III:2119001-2121000	2000	0.16744	8655.17	0.0150013	1	1	0
deletion	CHROMOSOME_III:2761001-2766000	5000	0.355216	8.53772	3.89984e-05	2875.55	13.7354	0
deletion	CHROMOSOME_III:3385001-3387000	2000	0.107874	16015	0.00187248	1	1	0
deletion	CHROMOSOME_III:3895001-3898000	3000	0.223406	1529.31	0.00123755	1	1	0
deletion	CHROMOSOME_III:5736001-5748000	12000	0.0229177	1.3281e-11	8.33309e-66	1.59373e-11	5.16555e-69	0
deletion	CHROMOSOME_III:6567001-6577000	10000	0.178842	0.0944314	4.76715e-07	3.58717	0.000682674	0
deletion	CHROMOSOME_III:6659001-6665000	6000	0.329496	12.9581	7.03884e-10	496.789	0.000302283	0
deletion	CHROMOSOME_III:6998001-7001000	3000	0.0758634	943.861	7.44054e-09	1	1	0
deletion	CHROMOSOME_III:7403001-7444000	41000	0.0678407	3.88713e-12	9.36087e-35	4.08647e-12	4.77028e-59	0
deletion	CHROMOSOME_III:7448001-7453000	5000	0.107788	31.704	2.38682e-10	102.566	4.23235e-13	0
deletion	CHROMOSOME_III:7595001-7605000	10000	0.436319	1.21324	0.00480777	7.23693	1.08933	0
deletion	CHROMOSOME_III:11160001-11162000	2000	0.0745339	20617	0.00065261	1	1	0
deletion	CHROMOSOME_III:11429001-11437000	8000	0.31432	0.947796	1.93067e-05	6.01473	1.53623e-07	0
deletion	CHROMOSOME_III:11594001-11602000	8000	0.0277775	5.44755e-07	5.6007e-49	0.000825242	1.49861e-34	0
deletion	CHROMOSOME_III:11605001-11607000	2000	0.0486536	16516.8	7.73408e-05	1	1	0
deletion	CHROMOSOME_III:11642001-11648000	6000	0.178783	36.6888	2.64028e-05	284.128	1.69384e-08	0
deletion	CHROMOSOME_III:11734001-11737000	3000	0.191589	419.82	3.02062e-06	1	1	0
deletion	CHROMOSOME_III:12209001-12280000	71000	0.72503	2.24468e-12	2.68549e+07	2.30975e-12	3.06322e+07	0
deletion	CHROMOSOME_III:12346001-12348000	2000	0.0373057	4899.89	4.79342e-06	1	1	0
deletion	CHROMOSOME_III:12476001-12479000	3000	0.233463	1320.36	0.000254072	1	1	0
deletion	CHROMOSOME_III:12646001-12649000	3000	0.310493	322.968	0.00239196	1	1	0
deletion	CHROMOSOME_III:12698001-12709000	11000	0.478878	0.0175436	5.20347e-11	0.774235	2.02162e-07	0
deletion	CHROMOSOME_III:13075001-13086000	11000	0.00567206	1.44884e-11	7.95768e-77	1.77081e-11	2.86187e-61	0
deletion	CHROMOSOME_III:13584001-13601000	17000	0.0579676	9.37485e-12	3.3285e-72	1.06248e-11	7.78145e-91	0
deletion	CHROMOSOME_III:13610001-13613000	3000	0.196839	64.9503	2.68492e-07	1	1	0
deletion	CHROMOSOME_IV:221001-224000	3000	0.190913	3917.52	0.0160679	1	1	0
deletion	CHROMOSOME_IV:508001-513000	5000	0.0103678	0.00771115	1.35977e-28	70.464	1.15689e-13	0
deletion	CHROMOSOME_IV:689001-707000	18000	0.207836	0.0101483	4.44666e+08	0.154212	5.47059e+08	0
deletion	CHROMOSOME_IV:890001-911000	21000	0.0395242	7.58917e-12	6.29912e-71	8.38803e-12	4.86396e-121	0
deletion	CHROMOSOME_IV:1440001-1442000	2000	0.116171	19484	0.00495116	1	1	0
deletion	CHROMOSOME_IV:1476001-1500000	24000	0.679355	0.0123353	453836	0.00974629	941153	0
deletion	CHROMOSOME_IV:1703001-1706000	3000	0.163777	340.126	3.3839e-07	1	1	0
deletion	CHROMOSOME_IV:1809001-1817000	8000	0.504473	6.25806	0.00102605	43.0902	1.32684	0
deletion	CHROMOSOME_IV:1839001-1863000	24000	0.741909	0.0202742	0.00465065	0.111196	0.0446742	0
deletion	CHROMOSOME_IV:1931001-1933000	2000	0.110769	15897.4	0.00214709	1	1	0
deletion	CHROMOSOME_IV:2368001-2408000	40000	0.658028	1.26519e-05	1.24789e+06	5.4712e-05	1.83767e+06	0
deletion	CHROMOSOME_IV:2484001-2487000	3000	0.252808	3551.26	0.0184972	1	1	0
deletion	CHROMOSOME_IV:2574001-2576000	2000	0.0444279	3004.37	5.23514e-06	1	1	0
deletion	CHROMOSOME_IV:3315001-3320000	5000	0.247165	27.625	4.64649e-10	3547.75	0.0152577	0
deletion	CHROMOSOME_IV:3498001-3502000	4000	0.19327	909.659	0.00740547	33285.1	0.0129916	0
deletion	CHROMOSOME_IV:4348001-4356000	8000	0.0858977	0.0290804	3.30753e-25	0.00062293	5.00664e-34	0
deletion	CHROMOSOME_IV:4416001-4422000	6000	0.26843	89.5724	0.00498494	667.886	0.000671127	0
deletion	CHROMOSOME_IV:4560001-4562000	2000	0	1136.75	1.70488e-07	1	1	0
deletion	CHROMOSOME_IV:4921001-4928000	7000	0.260775	22.1312	4.45753e-05	775.505	0.393102	0
deletion	CHROMOSOME_IV:5772001-5775000	3000	0.145318	3466.79	0.00072803	1	1	0
deletion	CHROMOSOME_IV:6348001-6353000	5000	0.404901	76.1139	0.0104055	8001.47	392.256	0
deletion	CHROMOSOME_IV:6683001-6729000	46000	0.164775	3.46462e-12	3.68117e+07	3.6221e-12	4.44886e+07	0
deletion	CHROMOSOME_IV:8072001-8074000	2000	0.100421	34846.9	0.0229446	1	1	0
deletion	CHROMOSOME_IV:9409001-9414000	5000	0.242456	349.639	0.000222111	10903	39.0081	0
deletion	CHROMOSOME_IV:11419001-11421000	2000	0.0862819	6993.17	0.000130276	1	1	0
deletion	CHROMOSOME_IV:11611001-11615000	4000	0.00535315	0.0214522	6.72066e-23	2353.35	4.39261e-07	0
deletion	CHROMOSOME_IV:12022001-12026000	4000	0.0635821	19.2156	2.23669e-15	314.536	1.68907e-06	0
deletion	CHROMOSOME_IV:12248001-12251000	3000	0.211473	1219.49	7.01153e-05	1	1	0
deletion	CHROMOSOME_IV:13292001-13297000	5000	0.255923	187.796	0.00017113	10216.6	33.3586	0
deletion	CHROMOSOME_IV:13436001-13439000	3000	0.0834338	843.115	3.88805e-09	1	1	0
deletion	CHROMOSOME_IV:13462001-13465000	3000	0.235807	2919.91	0.00587339	1	1	0
deletion	CHROMOSOME_IV:13733001-13741000	8000	0.321384	5.61661	0.0291912	26.0176	2.09445e-07	0
deletion	CHROMOSOME_IV:13929001-13934000	5000	0.112065	72.6301	3.64877e-07	0.836293	8.52232e-15	0
deletion	CHROMOSOME_IV:14234001-14237000	3000	0.210896	1915	0.00102567	1	1	0
deletion	CHROMOSOME_IV:14476001-14482000	6000	0.195531	7.54864	1.31261e-07	14.0568	4.28668e-14	0
deletion	CHROMOSOME_IV:15075001-15083000	8000	0.118152	0.0781833	4.90836e-14	0.0168724	2.78772e-30	0
deletion	CHROMOSOME_IV:15373001-15377000	4000	0.236184	1336.47	0.0197889	64383.1	32.4606	0
deletion	CHROMOSOME_IV:15484001-15486000	2000	0.130915	28811.4	0.0409915	1	1	0
deletion	CHROMOSOME_IV:15596001-15601000	5000	0.283184	310.387	0.000774171	2096.16	2.42336e-05	0
deletion	CHROMOSOME_IV:16127001-16130000	3000	0.223349	3147.51	0.00104013	1	1	0
deletion	CHROMOSOME_IV:16843001-16870000	27000	0.679241	7.53515e-05	0.0248913	0.000217683	0.16423	0
deletion	CHROMOSOME_IV:16879001-16884000	5000	0.271043	459.688	0.000949443	10443.5	11.0444	0
deletion	CHROMOSOME_IV:17139001-17143000	4000	0.287961	470.787	0.0166762	20065.7	0.264182	0
deletion	CHROMOSOME_IV:17389001-17392000	3000	0.122309	525.964	1.96038e-08	1	1	0
deletion	CHROMOSOME_V:739001-742000	3000	0.222738	4412.87	0.00798129	1	1	0
deletion	CHROMOSOME_V:766001-771000	5000	0.0162328	0.0130602	3.58664e-28	95.9453	2.07026e-13	0
deletion	CHROMOSOME_V:1215001-1218000	3000	0.0707936	526.878	7.57599e-10	1	1	0
deletion	CHROMOSOME_V:1254001-1259000	5000	0.14133	8.36261	2.01434e-12	85.331	7.50051e-11	0
deletion	CHROMOSOME_V:1834001-1838000	4000	0.20829	172.984	7.76936e-09	10655.7	0.00117868	0
deletion	CHROMOSOME_V:2346001-2563000	217000	0.432411	7.34436e-13	5.15132e-240	7.41268e-13	1.01044e-237	0
deletion	CHROMOSOME_V:3325001-3331000	6000	0.0828954	0.633469	2.39911e-20	4.6302	3.88492e-19	0
deletion	CHROMOSOME_V:3434001-3441000	7000	0.13669	0.718594	1.302e-13	3.51381	1.58775e-17	0
deletion	CHROMOSOME_V:3520001-3522000	2000	0.0806119	15073.5	0.000363434	1	1	0
deletion	CHROMOSOME_V:4026001-4031000	5000	0.306132	89.6754	0.00996549	473.733	2.59193e-05	0
deletion	CHROMOSOME_V:4333001-4337000	4000	0.164104	596.54	6.80628e-06	549.832	6.3081e-07	0
deletion	CHROMOSOME_V:5638001-5642000	4000	0.181161	149.71	4.94922e-08	19156.1	0.0414534	0
deletion	CHROMOSOME_V:6070001-6096000	26000	0.105998	6.12971e-12	4.36758e-17	6.64052e-12	1.54985e-115	0
deletion	CHROMOSOME_V:6571001-6574000	3000	0.29498	150.133	0.00089358	1	1	0
deletion	CHROMOSOME_V:6938001-6941000	3000	0.119213	718.476	1.77459e-08	1	1	0
deletion	CHROMOSOME_V:7718001-7721000	3000	0.0782632	401.797	7.36809e-10	1	1	0
deletion	CHROMOSOME_V:7912001-7925000	13000	0.258476	0.00343029	4.16753e-07	0.0364235	0.000113899	0
deletion	CHROMOSOME_V:8315001-8318000	3000	0.30079	3776.47	0.0318731	1	1	0
deletion	CHROMOSOME_V:8700001-8703000	3000	0.246187	3406.48	0.00742687	1	1	0
deletion	CHROMOSOME_V:8706001-8710000	4000	0.0324216	11.6735	1.62542e-17	405.868	2.78787e-07	0
deletion	CHROMOSOME_V:9429001-9434000	5000	0.0395684	0.066752	1.5816e-25	24.2277	1.13134e-13	0
deletion	CHROMOSOME_V:9602001-9605000	3000	0.155506	3372.96	0.000975499	1	1	0
deletion	CHROMOSOME_V:10268001-10270000	2000	0.0524507	6999.77	1.77084e-05	1	1	0
deletion	CHROMOSOME_V:12373001-12377000	4000	0.369084	291.85	0.0244696	14730.1	483.294	0
deletion	CHROMOSOME_V:13640001-13646000	6000	0.070994	0.0241968	1.64011e-27	0.709432	2.23579e-20	0
deletion	CHROMOSOME_V:14108001-14110000	2000	0.124651	967.442	0.000451987	1	1	0
deletion	CHROMOSOME_V:14587001-14591000	4000	0.229895	509.985	0.00454766	70835.1	3613.36	0
deletion	CHROMOSOME_V:15555001-15559000	4000	0.29808	396.991	0.000513027	6879.74	0.0337082	0
deletion	CHROMOSOME_V:15681001-15685000	4000	0.128921	175.927	1.02344e-08	9318.69	2.91386e-05	0
deletion	CHROMOSOME_V:15907001-15910000	3000	0.094604	1152.53	1.0404e-07	1	1	0
deletion	CHROMOSOME_V:16106001-16112000	6000	0.27064	65.9413	0.00233042	57.1909	1.10393e-11	0
deletion	CHROMOSOME_V:17130001-17132000	2000	0.00266572	863.599	2.42035e-07	1	1	0
deletion	CHROMOSOME_V:17265001-17267000	2000	0.0368968	12375.1	1.86139e-05	1	1	0
deletion	CHROMOSOME_V:17385001-17394000	9000	0.0877267	0.0236102	6.11722e-18	0.936447	5.1707e-12	0
deletion	CHROMOSOME_V:18428001-18430000	2000	0.0773162	27042.6	0.00215841	1	1	0
duplication	CHROMOSOME_V:18704001-18725000	21000	2.43125	5.50063e-08	5.7929e-42	1.30197e-06	3.89946e-37	0
deletion	CHROMOSOME_V:18776001-18861000	85000	0.747989	1.87497e-12	3715.8	1.92015e-12	5112.03	0
deletion	CHROMOSOME_V:18945001-18993000	48000	0.71288	9.7184e-09	3.56356e+06	3.18745e-08	4.70949e+06	0
deletion	CHROMOSOME_V:19073001-19201000	128000	0.740519	1.2451e-12	4.28374e+07	1.26486e-12	4.57465e+07	0
deletion	CHROMOSOME_V:19851001-19870000	19000	0.551134	0.000908513	0.000237334	0.00236201	0.00565566	0
deletion	CHROMOSOME_V:19950001-19953000	3000	0.207081	3327.19	0.00634679	1	1	0
deletion	CHROMOSOME_V:20042001-20116000	74000	0.717783	2.15368e-12	5.14452e+06	2.21351e-12	6.10351e+06	0
deletion	CHROMOSOME_V:20273001-20275000	2000	0.107753	8279.78	0.000548664	1	1	0
deletion	CHROMOSOME_V:20434001-20438000	4000	0.133328	53.6525	2.80797e-11	21815.6	0.283931	0
deletion	CHROMOSOME_X:30001-57000	27000	0.617405	2.67451e-05	0.099195	7.99145e-05	0.590771	0
deletion	CHROMOSOME_X:63001-66000	3000	0.000791714	0.20027	1.66098e-15	1	1	0
deletion	CHROMOSOME_X:182001-199000	17000	0.631898	0.0203307	0.00182067	0.166672	0.0495754	0
deletion	CHROMOSOME_X:275001-292000	17000	0.578519	0.0209544	3.66868e-05	0.283989	0.0015814	0
deletion	CHROMOSOME_X:1136001-1141000	5000	0.134772	2.63305	2.17566e-16	76.0851	4.0256e-11	0
deletion	CHROMOSOME_X:1606001-1609000	3000	0.236548	2315.93	0.0144482	1	1	0
deletion	CHROMOSOME_X:1782001-1785000	3000	0.313797	26.8738	0.000815644	1	1	0
deletion	CHROMOSOME_X:2055001-2064000	9000	0.349327	4.44688	2.85242e-05	49.1989	0.0368936	0
deletion	CHROMOSOME_X:2992001-2995000	3000	0.0466909	75.6338	1.2232e-12	1	1	0
deletion	CHROMOSOME_X:3073001-3078000	5000	0.151183	11.759	2.21757e-13	961.981	8.70768e-07	0
deletion	CHROMOSOME_X:3846001-3848000	2000	0.0579871	9688.07	3.97238e-05	1	1	0
deletion	CHROMOSOME_X:4026001-4058000	32000	0.22213	4.98039e-12	1.71759e-09	5.31242e-12	3.80999e-30	0
deletion	CHROMOSOME_X:4203001-4206000	3000	0.208142	1751.52	0.000254907	1	1	0
deletion	CHROMOSOME_X:5045001-5056000	11000	0.159778	0.000399581	3.07705e-26	0.000257053	1.7121e-34	0
deletion	CHROMOSOME_X:5907001-5916000	9000	0.0838435	0.000122894	4.04594e-38	0.00212072	1.65586e-35	0
deletion	CHROMOSOME_X:6826001-6830000	4000	0.127711	1117.54	0.0105738	585.147	2.16263e-07	0
deletion	CHROMOSOME_X:7351001-7362000	11000	0.084797	0.00158343	1.07269e-11	3.01037e-10	5.15695e-57	0
deletion	CHROMOSOME_X:9185001-9187000	2000	0.0367503	12324.1	1.82825e-05	1	1	0
deletion	CHROMOSOME_X:9604001-9608000	4000	0.218755	1097.78	0.00500024	12959.1	5.09463e-05	0
deletion	CHROMOSOME_X:10361001-10371000	10000	0.220067	0.00421884	2.5957e-14	0.00157557	2.13465e-29	0
deletion	CHROMOSOME_X:11311001-11313000	2000	0.199918	2817.46	0.0376159	1	1	0
deletion	CHROMOSOME_X:11975001-11980000	5000	0.27796	233.581	0.000273776	802.874	3.59519e-07	0
duplication	CHROMOSOME_X:12130001-14362000	2.232e+06	1.55153	0	2.87083e+09	0	2.87083e+09	0
deletion	CHROMOSOME_X:14362001-14364000	2000	0.131671	6946.74	0.00169429	1	1	0
duplication	CHROMOSOME_X:14364001-15397000	1.033e+06	1.50385	0	2.87098e+09	0	2.87098e+09	0
duplication	CHROMOSOME_X:15404001-15808000	404000	1.43059	0	2.87008e+09	0	2.87008e+09	0
deletion	CHROMOSOME_X:15808001-15811000	3000	0.251466	235.434	8.63791e-05	1	1	0
duplication	CHROMOSOME_X:15811001-16511000	700000	1.38774	0	2.87098e+09	0	2.87098e+09	0
duplication	CHROMOSOME_X:16513001-16882000	369000	1.47572	0	2.87094e+09	0	2.87094e+09	0
duplication	CHROMOSOME_X:16884001-16932000	48000	1.47281	2.65621e-11	7.61288e+08	8.31509e-11	8.0458e+08	0
duplication	CHROMOSOME_X:16940001-17719000	779000	1.46224	0	2.87098e+09	0	2.87098e+09	0
duplication	CHROMOSOME_MtDNA:1-14000	14000	20.036	0.00117476	0	6.63324e-06	0	0
