deletion	CHROMOSOME_I:185001-189000	4000	0.174737	1003.16	1.30882e-05	12443.3	6.46069e-10	0
deletion	CHROMOSOME_I:597001-618000	21000	0.587466	0.0121983	2.0637e-07	0.0417853	7.11397e-06	0
deletion	CHROMOSOME_I:676001-680000	4000	0.261943	196.944	2.33772e-08	17542.1	0.00090178	0
deletion	CHROMOSOME_I:728001-730000	2000	0.167017	989.032	1.19258e-06	1	1	0
deletion	CHROMOSOME_I:1007001-1030000	23000	0.690079	0.0304986	0.013841	0.0957001	0.133426	0
deletion	CHROMOSOME_I:1117001-1125000	8000	0.243559	0.00440737	4.7731e-25	0.0518462	3.17895e-26	0
deletion	CHROMOSOME_I:1372001-1378000	6000	0.410094	488.532	0.00809503	4496.83	57.3003	0
deletion	CHROMOSOME_I:1381001-1412000	31000	0.688854	1.09617e-06	22989.6	1.16341e-05	49015.9	0
deletion	CHROMOSOME_I:1468001-1488000	20000	0.639778	0.0235822	0.077475	0.159978	0.883179	0
deletion	CHROMOSOME_I:1534001-1536000	2000	0.22712	17178.2	0.00126546	1	1	0
deletion	CHROMOSOME_I:1723001-1725000	2000	0.20396	24730.4	0.00101704	1	1	0
deletion	CHROMOSOME_I:1741001-1764000	23000	0.671817	0.0439969	0.0299939	0.134844	0.270335	0
deletion	CHROMOSOME_I:1920001-1922000	2000	0.250198	27217.5	0.0234054	1	1	0
deletion	CHROMOSOME_I:1975001-1978000	3000	0.274873	2585.56	9.86964e-06	1	1	0
deletion	CHROMOSOME_I:2129001-2133000	4000	0.408738	31.2878	5.63029e-06	16718.3	15.4199	0
deletion	CHROMOSOME_I:2213001-2216000	3000	0.24261	124.642	4.46222e-10	1	1	0
deletion	CHROMOSOME_I:2365001-2369000	4000	0.300562	563.127	1.3182e-05	17009.7	8.44118e-05	0
deletion	CHROMOSOME_I:3390001-3394000	4000	0.396108	346.154	0.00180814	35991.5	28.6763	0
deletion	CHROMOSOME_I:3485001-3488000	3000	0.186684	3670.73	1.98851e-09	1	1	0
deletion	CHROMOSOME_I:3491001-3493000	2000	0.279143	12034.4	0.0146551	1	1	0
deletion	CHROMOSOME_I:3664001-3666000	2000	0.102889	36975.4	1.6926e-05	1	1	0
deletion	CHROMOSOME_I:3761001-3766000	5000	0.289329	579.997	0.0405128	17519.8	886.684	0
deletion	CHROMOSOME_I:4281001-4296000	15000	0.0884427	1.95898e-06	5.59617e-18	3.15067e-09	6.94367e-62	0
deletion	CHROMOSOME_I:4341001-4357000	16000	0	9.96078e-12	1.22876e-162	1.13838e-11	3.23994e-141	0
deletion	CHROMOSOME_I:4814001-4816000	2000	0.0957725	18373.9	2.19499e-07	1	1	0
deletion	CHROMOSOME_I:4959001-4962000	3000	0.392238	155.909	0.000350541	1	1	0
deletion	CHROMOSOME_I:5638001-5643000	5000	0.357559	34.2797	1.86254e-09	1075.94	4.10194e-07	0
deletion	CHROMOSOME_I:6603001-6605000	2000	0.25124	29040.3	0.0323691	1	1	0
deletion	CHROMOSOME_I:7741001-7743000	2000	0.117622	5316.77	6.83944e-08	1	1	0
deletion	CHROMOSOME_I:7843001-7846000	3000	0.0137678	28.9408	1.38939e-21	1	1	0
deletion	CHROMOSOME_I:7868001-7870000	2000	0.281931	17170.5	0.035487	1	1	0
deletion	CHROMOSOME_I:8619001-8623000	4000	0.188975	1988.63	0.0279011	2002.7	3.24855e-12	0
deletion	CHROMOSOME_I:9346001-9349000	3000	0.25838	2363.86	4.01066e-05	1	1	0
deletion	CHROMOSOME_I:9679001-9683000	4000	0.158332	1540.92	0.00204847	6161.24	7.70829e-11	0
deletion	CHROMOSOME_I:9817001-9823000	6000	0.168507	12.0589	1.11809e-15	926.015	1.53107e-07	0
deletion	CHROMOSOME_I:10204001-10221000	17000	0.166251	2.93378e-05	0.00352475	0.000133453	0.0887997	0
deletion	CHROMOSOME_I:10239001-10242000	3000	0.234782	7619.69	7.72652e-05	1	1	0
deletion	CHROMOSOME_I:10271001-10277000	6000	0.211793	10.0586	5.41529e-13	60.7102	1.21152e-17	0
deletion	CHROMOSOME_I:10528001-10530000	2000	0.163244	23585	7.41941e-07	1	1	0
deletion	CHROMOSOME_I:10852001-10855000	3000	0.0177395	31.422	1.77633e-21	1	1	0
deletion	CHROMOSOME_I:11228001-11232000	4000	0.299411	2446.55	0.000426589	25940.8	1.14579e-06	0
deletion	CHROMOSOME_I:11480001-11482000	2000	0.0785641	6699.28	4.42296e-09	1	1	0
deletion	CHROMOSOME_I:11727001-11731000	4000	0.33746	1458.62	0.000475672	52828.5	1168.61	0
deletion	CHROMOSOME_I:11849001-11852000	3000	0.152889	2580.86	2.73834e-11	1	1	0
deletion	CHROMOSOME_I:12190001-12194000	4000	0.311643	898.757	6.66362e-05	46986.3	0.0329882	0
deletion	CHROMOSOME_I:12754001-12758000	4000	0.388392	1884.37	0.000426589	82559.9	152.357	0
deletion	CHROMOSOME_I:13016001-13019000	3000	0.108034	299.947	8.31233e-15	1	1	0
deletion	CHROMOSOME_I:13404001-13408000	4000	0.113913	1045.32	1.92499e-06	1857.38	1.08884e-12	0
deletion	CHROMOSOME_I:13609001-13616000	7000	0.174052	21.2643	0.0332126	0.386116	2.85038e-33	0
deletion	CHROMOSOME_I:13933001-13937000	4000	0.345338	104.889	1.49211e-07	7266.54	0.00841885	0
deletion	CHROMOSOME_I:14092001-14096000	4000	0.342797	729.043	5.4003e-05	25528	0.00354208	0
deletion	CHROMOSOME_I:14452001-14457000	5000	0.25126	13.6323	1.9265e-16	2368.63	1.11821e-07	0
deletion	CHROMOSOME_I:14685001-14687000	2000	0.218886	22573.8	0.0017943	1	1	0
deletion	CHROMOSOME_I:14885001-14891000	6000	0.0114918	3.98796e-05	8.11328e-52	0.253844	1.23635e-31	0
deletion	CHROMOSOME_II:16001-18000	2000	0.00764996	2490.74	4.22325e-12	1	1	0
deletion	CHROMOSOME_II:140001-147000	7000	0.339062	13.3527	3.23414e-06	31.8605	9.37758e-13	0
deletion	CHROMOSOME_II:478001-481000	3000	0.209792	6043.32	1.20451e-05	1	1	0
deletion	CHROMOSOME_II:696001-700000	4000	0.287943	651.539	0.001079	77898.7	1760.06	0
deletion	CHROMOSOME_II:851001-858000	7000	0.0816055	0.0197534	8.58396e-36	0.424397	1.02209e-33	0
deletion	CHROMOSOME_II:864001-866000	2000	0.255912	12666	0.00383266	1	1	0
deletion	CHROMOSOME_II:894001-896000	2000	0.152096	8675.76	1.77048e-06	1	1	0
deletion	CHROMOSOME_II:1034001-1040000	6000	0.179992	5.47403	4.11622e-18	56.0435	3.39983e-20	0
deletion	CHROMOSOME_II:1076001-1081000	5000	0.0262748	0.130951	2.5696e-36	56.9946	3.83431e-21	0
deletion	CHROMOSOME_II:1363001-1366000	3000	0.170752	929.786	6.09506e-11	1	1	0
deletion	CHROMOSOME_II:1451001-1459000	8000	0.163488	0.00264953	1.34901e-33	0.811729	5.15251e-23	0
deletion	CHROMOSOME_II:1511001-1515000	4000	0.344819	662.483	0.00114233	1565.47	0.000101717	0
deletion	CHROMOSOME_II:1564001-1567000	3000	0.318099	133.42	4.18795e-07	1	1	0
deletion	CHROMOSOME_II:1809001-1811000	2000	0.111896	31803.9	1.07372e-05	1	1	0
deletion	CHROMOSOME_II:1950001-1953000	3000	0.296767	385.413	1.20235e-06	1	1	0
deletion	CHROMOSOME_II:1961001-1987000	26000	0.0303143	6.12971e-12	9.28053e-121	6.64052e-12	2.05547e-227	0
deletion	CHROMOSOME_II:2001001-2010000	9000	0.0789258	0.0851621	1.89675e-11	2.72981e-05	3.30554e-55	0
deletion	CHROMOSOME_II:2497001-2499000	2000	0.251609	13498.7	0.00332017	1	1	0
deletion	CHROMOSOME_II:2593001-2600000	7000	0.0182789	5.20968e-06	3.35635e-57	0.000481247	1.72189e-42	0
deletion	CHROMOSOME_II:2980001-2983000	3000	0.260248	9877.94	0.00177321	1	1	0
deletion	CHROMOSOME_II:3159001-3168000	9000	0.0630549	0.00487386	2.96567e-27	5.68546e-05	7.1213e-54	0
deletion	CHROMOSOME_II:3226001-3229000	3000	0.127533	3057.5	7.71447e-09	1	1	0
deletion	CHROMOSOME_II:3939001-3947000	8000	0.112962	0.071939	1.11178e-30	0.125873	1.06494e-34	0
deletion	CHROMOSOME_II:4051001-4054000	3000	0.15288	3673.1	8.65959e-08	1	1	0
deletion	CHROMOSOME_II:5073001-5078000	5000	0.272956	413.93	0.000145945	235.176	1.18952e-15	0
deletion	CHROMOSOME_II:6068001-6071000	3000	0.2208	2243.9	3.32613e-07	1	1	0
deletion	CHROMOSOME_II:6074001-6077000	3000	0.12217	245.334	2.28896e-14	1	1	0
deletion	CHROMOSOME_II:6571001-6573000	2000	0.170987	6902.58	4.91113e-06	1	1	0
deletion	CHROMOSOME_II:6795001-6798000	3000	0.148094	380.647	6.18122e-13	1	1	0
deletion	CHROMOSOME_II:6982001-6986000	4000	0.279531	1092.5	0.0287933	12397.3	3.0538e-05	0
deletion	CHROMOSOME_II:7079001-7081000	2000	0	1857.38	1.08884e-12	1	1	0
deletion	CHROMOSOME_II:8240001-8242000	2000	0.18451	46873.4	0.0122988	1	1	0
deletion	CHROMOSOME_II:8975001-8978000	3000	0.36477	8094.9	0.039714	1	1	0
deletion	CHROMOSOME_II:9202001-9204000	2000	0.105446	7594.44	4.38989e-08	1	1	0
deletion	CHROMOSOME_II:9632001-9635000	3000	0.140219	2959.46	3.49492e-08	1	1	0
deletion	CHROMOSOME_II:9806001-9825000	19000	0.123361	3.8317e-05	6.80285e+06	1.71821e-06	23514.4	0
deletion	CHROMOSOME_II:10337001-10339000	2000	0.0173077	5690.34	2.27207e-11	1	1	0
deletion	CHROMOSOME_II:10380001-10382000	2000	0.242239	6950.12	0.000662046	1	1	0
deletion	CHROMOSOME_II:10832001-10834000	2000	0.266884	20502.4	0.0234054	1	1	0
deletion	CHROMOSOME_II:11122001-11124000	2000	0.178213	30370.4	0.000542034	1	1	0
deletion	CHROMOSOME_II:11527001-11531000	4000	0.284957	578.36	4.51265e-06	39468.9	0.0066622	0
deletion	CHROMOSOME_II:11955001-11958000	3000	0.239686	100.077	7.07059e-10	1	1	0
deletion	CHROMOSOME_II:12649001-12651000	2000	0.0806851	8784.32	8.43385e-09	1	1	0
deletion	CHROMOSOME_II:13430001-13433000	3000	0.00288462	2.66977	6.72172e-23	1	1	0
deletion	CHROMOSOME_II:14324001-14337000	13000	0.156182	0.0021777	0.0105613	0.0863245	0.606517	0
deletion	CHROMOSOME_II:14688001-14693000	5000	0.0101999	0.0124257	5.32788e-40	95.3776	1.65633e-20	0
deletion	CHROMOSOME_II:14741001-14743000	2000	0.142964	47729.7	0.00142604	1	1	0
deletion	CHROMOSOME_II:14761001-14768000	7000	0.410008	4.64534	8.73905e-05	44.6766	2.66198e-06	0
deletion	CHROMOSOME_II:14835001-14839000	4000	0.348532	2136.82	0.00935961	38376.5	0.00199163	0
deletion	CHROMOSOME_II:14862001-14883000	21000	0.672944	0.0348296	0.133426	0.205188	1.28623	0
deletion	CHROMOSOME_II:14991001-14995000	4000	0.209347	414.481	7.32221e-10	31511.6	8.39786e-06	0
deletion	CHROMOSOME_II:15095001-15097000	2000	0.0741687	5818.36	2.54034e-09	1	1	0
deletion	CHROMOSOME_II:15137001-15143000	6000	0.156345	5.37163	2.81653e-19	59.9938	1.16062e-19	0
deletion	CHROMOSOME_III:97001-106000	9000	0.197278	0.0320394	1.13086e-27	0.79046	6.39193e-20	0
deletion	CHROMOSOME_III:110001-114000	4000	0.354219	159.413	9.31551e-08	39492.4	3.17568	0
deletion	CHROMOSOME_III:273001-277000	4000	0.219757	722.548	3.25304e-08	508.23	5.32095e-10	0
deletion	CHROMOSOME_III:316001-335000	19000	0.219778	4.68652e-06	1.35609e-17	7.81913e-06	3.03409e-29	0
deletion	CHROMOSOME_III:388001-398000	10000	0.179559	0.0256973	1.57716e-20	0.00131042	2.58271e-44	0
deletion	CHROMOSOME_III:424001-428000	4000	0.125212	59.3539	2.96549e-20	33468.8	9.22708e-06	0
deletion	CHROMOSOME_III:588001-591000	3000	0.190232	1352.03	4.5627e-09	1	1	0
deletion	CHROMOSOME_III:1089001-1091000	2000	0	1857.38	1.08884e-12	1	1	0
deletion	CHROMOSOME_III:1118001-1125000	7000	0.32915	28.9793	2.00752e-06	326.652	8.71008e-05	0
deletion	CHROMOSOME_III:1363001-1370000	7000	0.116475	0.126579	3.68723e-27	26.2052	6.62776e-17	0
deletion	CHROMOSOME_III:1480001-1483000	3000	0.229875	155.41	1.32405e-10	1	1	0
deletion	CHROMOSOME_III:2078001-2082000	4000	0.00198273	0.00403065	1.69187e-33	1286.34	2.20394e-12	0
deletion	CHROMOSOME_III:2761001-2764000	3000	0.361918	2695.46	0.00536378	1	1	0
deletion	CHROMOSOME_III:3334001-3337000	3000	0.083055	652.959	1.38127e-16	1	1	0
deletion	CHROMOSOME_III:3385001-3387000	2000	0.146474	21438.7	1.40137e-05	1	1	0
deletion	CHROMOSOME_III:3859001-3861000	2000	0.21524	19314.9	0.000845234	1	1	0
deletion	CHROMOSOME_III:3895001-3898000	3000	0.240757	3245.43	6.52188e-05	1	1	0
deletion	CHROMOSOME_III:4254001-4257000	3000	0.28008	2930.6	0.000395251	1	1	0
deletion	CHROMOSOME_III:4749001-4753000	4000	0.463694	345.42	0.0232741	32444.8	79.4935	0
deletion	CHROMOSOME_III:5786001-5790000	4000	0.318647	591.708	1.74404e-05	51034.5	4.22692	0
deletion	CHROMOSOME_III:6502001-6505000	3000	0.386785	1785.97	0.00544576	1	1	0
deletion	CHROMOSOME_III:6567001-6573000	6000	0.0416788	0.0307514	2.863e-38	0.276712	1.49048e-31	0
deletion	CHROMOSOME_III:6659001-6665000	6000	0.318847	3.50444	1.57494e-14	254.937	6.2492e-10	0
deletion	CHROMOSOME_III:6998001-7001000	3000	0.0617102	423.744	6.45214e-17	1	1	0
deletion	CHROMOSOME_III:7405001-7444000	39000	0.0377221	4.08647e-12	1.63667e-147	4.30737e-12	1.68453e-139	0
deletion	CHROMOSOME_III:7448001-7454000	6000	0.203914	110.7	2.0752e-05	1093.47	9.42451e-06	0
deletion	CHROMOSOME_III:7595001-7605000	10000	0.44824	2.00934	1.09934e-05	16.2196	0.00840449	0
duplication	CHROMOSOME_III:8337001-8354000	17000	1.83502	0.0200583	5466.75	0.0908777	25745.8	0
deletion	CHROMOSOME_III:8694001-8697000	3000	0.22398	7010	6.37835e-05	1	1	0
deletion	CHROMOSOME_III:11160001-11162000	2000	0.0948899	28375	1.72034e-06	1	1	0
deletion	CHROMOSOME_III:11429001-11437000	8000	0.343449	5.77719	7.86868e-05	39.5075	0.000894534	0
deletion	CHROMOSOME_III:11594001-11602000	8000	0.0331498	2.94329e-06	4.54771e-64	0.00316983	7.20863e-46	0
deletion	CHROMOSOME_III:11605001-11607000	2000	0.0660714	22839	6.83944e-08	1	1	0
deletion	CHROMOSOME_III:11734001-11737000	3000	0.241031	465.041	1.00503e-09	1	1	0
deletion	CHROMOSOME_III:11964001-11968000	4000	0.378317	27.8022	8.28192e-08	5828.2	15.4199	0
deletion	CHROMOSOME_III:12007001-12009000	2000	0.269601	20774.3	0.0285169	1	1	0
deletion	CHROMOSOME_III:12209001-12213000	4000	0.348856	581.201	3.17705e-05	13392.1	0.00101704	0
deletion	CHROMOSOME_III:12476001-12479000	3000	0.233731	1373.35	4.47461e-08	1	1	0
deletion	CHROMOSOME_III:12646001-12649000	3000	0.33155	2242.88	0.000617762	1	1	0
deletion	CHROMOSOME_III:12694001-12709000	15000	0.602465	0.0462498	0.00290951	0.298833	0.115624	0
deletion	CHROMOSOME_III:13075001-13086000	11000	0.00458245	1.44884e-11	6.63083e-103	1.77081e-11	1.31555e-82	0
deletion	CHROMOSOME_III:13584001-13602000	18000	0.105107	3.1963e-09	6.44005e-16	9.96078e-12	5.6653e-83	0
deletion	CHROMOSOME_IV:508001-513000	5000	0.0210158	0.0955094	9.07575e-37	238.147	1.43861e-18	0
deletion	CHROMOSOME_IV:689001-707000	18000	0.226833	0.0427053	9.6277e+08	0.553563	1.08704e+09	0
deletion	CHROMOSOME_IV:890001-911000	21000	0.0406898	7.58917e-12	5.68117e-101	8.38803e-12	3.86566e-156	0
deletion	CHROMOSOME_IV:1270001-1273000	3000	0.204438	5244.26	2.2353e-07	1	1	0
deletion	CHROMOSOME_IV:1440001-1442000	2000	0.112775	5768.73	5.19262e-08	1	1	0
deletion	CHROMOSOME_IV:1703001-1706000	3000	0.165372	66.6307	1.19131e-13	1	1	0
deletion	CHROMOSOME_IV:1770001-1772000	2000	0.260402	25411.1	0.0323691	1	1	0
deletion	CHROMOSOME_IV:1809001-1817000	8000	0.464547	1.71881	2.30763e-06	20.8811	0.0137051	0
deletion	CHROMOSOME_IV:1931001-1933000	2000	0.0997418	20258.7	4.36354e-07	1	1	0
deletion	CHROMOSOME_IV:2368001-2371000	3000	0.151497	2240.91	3.82846e-11	1	1	0
deletion	CHROMOSOME_IV:2405001-2408000	3000	0.251574	5448.62	0.00149215	1	1	0
deletion	CHROMOSOME_IV:2484001-2487000	3000	0.269376	3532.44	2.26573e-06	1	1	0
deletion	CHROMOSOME_IV:2512001-2518000	6000	0.559638	18.8663	0.00429281	1004.47	7.94245	0
deletion	CHROMOSOME_IV:2574001-2576000	2000	0.0490012	6658.77	4.06099e-10	1	1	0
deletion	CHROMOSOME_IV:2903001-2906000	3000	0.247668	168.036	7.85626e-10	1	1	0
deletion	CHROMOSOME_IV:3206001-3210000	4000	0.364711	2989.86	0.0138336	75693.9	3.36726	0
deletion	CHROMOSOME_IV:3315001-3320000	5000	0.233706	8.59546	1.49214e-18	2210.11	1.22321e-07	0
deletion	CHROMOSOME_IV:3498001-3502000	4000	0.202245	1327.65	0.000961648	23826.2	1.03501e-07	0
deletion	CHROMOSOME_IV:4416001-4421000	5000	0.222843	139.399	1.30555e-09	8762.16	0.0283589	0
deletion	CHROMOSOME_IV:4823001-4825000	2000	0.117663	18455.8	1.06777e-06	1	1	0
deletion	CHROMOSOME_IV:4881001-4883000	2000	0.249922	13607.6	0.00303765	1	1	0
deletion	CHROMOSOME_IV:4921001-4928000	7000	0.151571	0.238608	4.86365e-29	30.8915	3.01091e-18	0
deletion	CHROMOSOME_IV:5772001-5775000	3000	0.175393	5699.65	0.000107234	1	1	0
deletion	CHROMOSOME_IV:6348001-6353000	5000	0.406212	55.701	2.19075e-05	6712.28	9.71783	0
deletion	CHROMOSOME_IV:6683001-6729000	46000	0.158752	3.46462e-12	1.2813e+06	3.6221e-12	1.79192e+06	0
deletion	CHROMOSOME_IV:7596001-7600000	4000	0.315025	450.51	1.52736e-05	75001.7	209.405	0
deletion	CHROMOSOME_IV:8072001-8074000	2000	0.0815995	28669.7	7.39409e-07	1	1	0
deletion	CHROMOSOME_IV:8400001-8404000	4000	0.30257	1264.32	0.000577806	64729.4	1.14757	0
deletion	CHROMOSOME_IV:9066001-9068000	2000	0.271411	8612.57	0.00556113	1	1	0
deletion	CHROMOSOME_IV:9409001-9414000	5000	0.222889	174.108	8.34465e-11	7822.51	0.00544576	0
deletion	CHROMOSOME_IV:9685001-9687000	2000	0.210672	35189	0.00816471	1	1	0
deletion	CHROMOSOME_IV:10262001-10266000	4000	0.266754	939.239	0.00307825	13044.7	6.68582e-06	0
deletion	CHROMOSOME_IV:11302001-11304000	2000	0.257504	4375.21	0.0012101	1	1	0
deletion	CHROMOSOME_IV:11419001-11421000	2000	0.0594094	7867.63	1.26411e-09	1	1	0
deletion	CHROMOSOME_IV:11611001-11616000	5000	0.0631945	12.4964	2.7968e-21	31.9526	1.07214e-21	0
deletion	CHROMOSOME_IV:12022001-12026000	4000	0.0876944	4.62224	1.74947e-24	5947.91	6.73866e-09	0
deletion	CHROMOSOME_IV:12248001-12251000	3000	0.201342	1244.48	4.5627e-09	1	1	0
deletion	CHROMOSOME_IV:12510001-12512000	2000	0	1857.38	1.08884e-12	1	1	0
deletion	CHROMOSOME_IV:12730001-12734000	4000	0.286065	1346.16	6.08474e-06	6062.2	5.68459e-08	0
deletion	CHROMOSOME_IV:12929001-12933000	4000	0.428913	550.832	0.00567342	42293.3	1277.38	0
deletion	CHROMOSOME_IV:13436001-13439000	3000	0.0800305	628.608	2.54106e-15	1	1	0
deletion	CHROMOSOME_IV:13733001-13741000	8000	0.347003	7.25494	0.000157178	48.1664	6.25137e-05	0
deletion	CHROMOSOME_IV:13930001-13934000	4000	0.053219	6.84265	1.68454e-25	5292.64	6.90797e-11	0
deletion	CHROMOSOME_IV:14012001-14014000	2000	0.241966	23424.3	0.00824987	1	1	0
deletion	CHROMOSOME_IV:14211001-14215000	4000	0.000885656	0.000358059	7.76337e-34	1857.38	1.08884e-12	0
deletion	CHROMOSOME_IV:14234001-14237000	3000	0.183731	2335.93	1.68853e-07	1	1	0
deletion	CHROMOSOME_IV:14476001-14482000	6000	0.197222	7.81656	2.3923e-12	28.7484	2.2125e-20	0
deletion	CHROMOSOME_IV:14545001-14547000	2000	0.228554	25483.9	0.00508956	1	1	0
deletion	CHROMOSOME_IV:15075001-15083000	8000	0.136715	0.32255	1.5176e-12	0.0218849	9.08465e-39	0
deletion	CHROMOSOME_IV:15342001-15345000	3000	0.213748	5347.11	1.69209e-05	1	1	0
deletion	CHROMOSOME_IV:15373001-15377000	4000	0.203623	1225.89	4.88442e-05	45641	0.000330405	0
deletion	CHROMOSOME_IV:15484001-15486000	2000	0.161022	39668.1	0.000973002	1	1	0
deletion	CHROMOSOME_IV:15596001-15601000	5000	0.257809	139.245	1.14719e-08	1189.01	5.17938e-12	0
deletion	CHROMOSOME_IV:15708001-15711000	3000	0.16934	4751.46	1.45947e-05	1	1	0
deletion	CHROMOSOME_IV:16127001-16130000	3000	0.16734	2335.47	3.14922e-10	1	1	0
deletion	CHROMOSOME_IV:16153001-16155000	2000	0.254084	1889.78	0.00065788	1	1	0
deletion	CHROMOSOME_IV:16680001-16682000	2000	0.20413	10921.1	0.000100831	1	1	0
deletion	CHROMOSOME_IV:16752001-16754000	2000	0.173438	27461.4	0.000242985	1	1	0
deletion	CHROMOSOME_IV:16879001-16884000	5000	0.290259	528.918	1.7444e-06	12978.1	2.12912	0
deletion	CHROMOSOME_IV:17060001-17063000	3000	0.104238	985.019	1.06662e-12	1	1	0
deletion	CHROMOSOME_IV:17389001-17392000	3000	0.111228	396.299	2.65331e-14	1	1	0
deletion	CHROMOSOME_V:739001-742000	3000	0.250803	6109.24	6.52188e-05	1	1	0
deletion	CHROMOSOME_V:766001-771000	5000	0.00827936	0.000894113	2.21887e-42	23.4426	6.17863e-22	0
deletion	CHROMOSOME_V:1108001-1111000	3000	0.271906	2718.91	1.86265e-06	1	1	0
deletion	CHROMOSOME_V:1185001-1205000	20000	0.62526	0.0327267	0.000702226	0.173882	0.0128125	0
deletion	CHROMOSOME_V:1215001-1218000	3000	0.103596	634.728	5.71689e-14	1	1	0
deletion	CHROMOSOME_V:1254001-1259000	5000	0.156794	19.8475	2.17488e-15	333.065	2.19876e-15	0
deletion	CHROMOSOME_V:1330001-1332000	2000	0.272487	1090.76	0.00197292	1	1	0
deletion	CHROMOSOME_V:1832001-1838000	6000	0.385794	116.427	0.0135315	2771.58	80.7067	0
deletion	CHROMOSOME_V:2346001-2563000	217000	0.429018	7.34436e-13	0	7.41268e-13	0	0
deletion	CHROMOSOME_V:3251001-3253000	2000	0.175941	47196.1	0.00813061	1	1	0
deletion	CHROMOSOME_V:3325001-3331000	6000	0.0719218	0.368541	1.73253e-30	3.58726	2.13285e-28	0
deletion	CHROMOSOME_V:3434001-3441000	7000	0.131713	0.442106	4.1959e-23	4.25232	1.1773e-24	0
deletion	CHROMOSOME_V:3520001-3522000	2000	0.107657	16410.6	3.41392e-07	1	1	0
deletion	CHROMOSOME_V:4026001-4031000	5000	0.374897	116.462	0.0110805	576.864	1.98073e-06	0
deletion	CHROMOSOME_V:4333001-4337000	4000	0.17112	558.264	5.02354e-10	4580.09	5.08319e-11	0
deletion	CHROMOSOME_V:4603001-4605000	2000	0.222974	7889.6	0.000214393	1	1	0
deletion	CHROMOSOME_V:5415001-5418000	3000	0.275871	3463.02	0.000203903	1	1	0
deletion	CHROMOSOME_V:5638001-5642000	4000	0.213154	274.673	1.84708e-09	6012.92	1.41787e-05	0
deletion	CHROMOSOME_V:6070001-6095000	25000	0.0866771	6.3749e-12	2.8445e-124	6.92924e-12	1.24259e-113	0
deletion	CHROMOSOME_V:6369001-6372000	3000	0.186753	3672.88	5.4422e-06	1	1	0
deletion	CHROMOSOME_V:6571001-6574000	3000	0.285116	615.644	1.15781e-06	1	1	0
deletion	CHROMOSOME_V:6711001-6713000	2000	0.254039	7020.18	0.00144667	1	1	0
deletion	CHROMOSOME_V:6938001-6942000	4000	0.20915	564.873	8.40825e-09	44748.5	0.00395634	0
deletion	CHROMOSOME_V:7442001-7445000	3000	0.343218	1997.53	0.000203253	1	1	0
deletion	CHROMOSOME_V:7718001-7721000	3000	0.0453458	252.349	6.43404e-18	1	1	0
deletion	CHROMOSOME_V:7912001-7925000	13000	0.277657	0.00628867	3.49925e-10	0.0533941	2.84335e-07	0
deletion	CHROMOSOME_V:8315001-8318000	3000	0.245581	3666.92	1.69209e-05	1	1	0
deletion	CHROMOSOME_V:8328001-8331000	3000	0.350843	1308.92	0.00134783	1	1	0
deletion	CHROMOSOME_V:8346001-8348000	2000	0.295445	9422.17	0.0274665	1	1	0
deletion	CHROMOSOME_V:8381001-8383000	2000	0.271169	20719.6	0.031007	1	1	0
deletion	CHROMOSOME_V:8700001-8703000	3000	0.183741	1066.05	7.31856e-11	1	1	0
deletion	CHROMOSOME_V:8706001-8710000	4000	0.0344041	20.4137	1.9484e-24	1857.38	1.08884e-12	0
deletion	CHROMOSOME_V:9429001-9434000	5000	0.0443976	0.348572	4.66222e-34	151.787	3.91783e-19	0
deletion	CHROMOSOME_V:9602001-9605000	3000	0.173921	5397.92	2.45621e-05	1	1	0
deletion	CHROMOSOME_V:10135001-10143000	8000	0.384008	4.71662	2.52234e-08	30.3626	8.56023e-09	0
deletion	CHROMOSOME_V:10605001-10613000	8000	0.344652	54.2537	8.88413e-06	256.251	0.0376677	0
deletion	CHROMOSOME_V:12374001-12377000	3000	0.298679	1248.9	2.75355e-05	1	1	0
deletion	CHROMOSOME_V:13438001-13441000	3000	0.303843	5363.91	0.0141087	1	1	0
deletion	CHROMOSOME_V:13640001-13647000	7000	0.184683	9.03668	0.000267994	1.39527	7.91993e-27	0
deletion	CHROMOSOME_V:14108001-14110000	2000	0.136928	6168.48	3.52137e-07	1	1	0
deletion	CHROMOSOME_V:14124001-14126000	2000	0.155384	17361.7	1.18236e-05	1	1	0
deletion	CHROMOSOME_V:14303001-14305000	2000	0.038782	5624.74	1.35387e-10	1	1	0
deletion	CHROMOSOME_V:15321001-15323000	2000	0.187223	18620	0.00012464	1	1	0
deletion	CHROMOSOME_V:15555001-15559000	4000	0.262784	311.289	2.88326e-09	4901.86	1.11648e-06	0
deletion	CHROMOSOME_V:15681001-15685000	4000	0.163071	171.738	4.43207e-13	13165	2.42948e-08	0
deletion	CHROMOSOME_V:15907001-15910000	3000	0.140014	2784.72	2.12078e-08	1	1	0
deletion	CHROMOSOME_V:16106001-16112000	6000	0.236957	30.1902	5.29544e-10	9.08979	7.66081e-22	0
deletion	CHROMOSOME_V:16312001-16314000	2000	0.120077	42283	0.000138002	1	1	0
deletion	CHROMOSOME_V:16547001-16549000	2000	0.146506	20648.2	1.20786e-05	1	1	0
deletion	CHROMOSOME_V:17129001-17132000	3000	0.154024	9952.9	0.0139051	1	1	0
deletion	CHROMOSOME_V:17265001-17267000	2000	0.0504325	17152.2	5.72483e-09	1	1	0
deletion	CHROMOSOME_V:17385001-17394000	9000	0.106147	0.110626	2.51518e-16	3.12385	9.30881e-11	0
deletion	CHROMOSOME_V:17627001-17634000	7000	0.424611	0.74444	9.82813e-07	91.6121	0.0257753	0
deletion	CHROMOSOME_V:17736001-17739000	3000	0.321452	6629.71	0.033194	1	1	0
deletion	CHROMOSOME_V:17952001-17971000	19000	0.639869	0.03407	0.055054	0.212489	0.739469	0
deletion	CHROMOSOME_V:18428001-18430000	2000	0.0544148	18583	1.0852e-08	1	1	0
deletion	CHROMOSOME_V:18544001-18546000	2000	0.263682	26161	0.0434193	1	1	0
deletion	CHROMOSOME_V:18882001-18884000	2000	0.306635	31.1633	0.0153217	1	1	0
deletion	CHROMOSOME_V:19851001-19870000	19000	0.551816	0.000196195	0.00335519	0.000349038	0.0604993	0
deletion	CHROMOSOME_V:19950001-19953000	3000	0.230274	4866.61	4.01066e-05	1	1	0
deletion	CHROMOSOME_V:20273001-20275000	2000	0.164456	3411.26	1.57308e-06	1	1	0
deletion	CHROMOSOME_V:20434001-20438000	4000	0.130324	14.4498	1.05605e-20	9029.91	5.50628e-06	0
deletion	CHROMOSOME_V:20510001-20514000	4000	0.162186	1339.38	0.000392915	7139.74	1.90284e-09	0
duplication	CHROMOSOME_X:6001-14000	8000	1.62584	0.0465362	1.0953e-18	2.57397	6.1167e-12	0
deletion	CHROMOSOME_X:53001-57000	4000	0.319806	317.351	4.35671e-09	2829.28	3.53668	0
deletion	CHROMOSOME_X:63001-66000	3000	0.0038144	1.46651	5.68078e-23	1	1	0
deletion	CHROMOSOME_X:142001-144000	2000	0.252451	7466.18	0.00139756	1	1	0
deletion	CHROMOSOME_X:168001-170000	2000	0.253616	22657	0.0146551	1	1	0
deletion	CHROMOSOME_X:188001-190000	2000	0.221022	39542.5	0.0285169	1	1	0
deletion	CHROMOSOME_X:272001-292000	20000	0.680952	0.0372627	6.54869e-08	0.319678	3.02233e-06	0
deletion	CHROMOSOME_X:1136001-1141000	5000	0.15448	10.7416	9.61077e-20	446.406	4.15854e-15	0
deletion	CHROMOSOME_X:1636001-1639000	3000	0.275732	1009.23	5.11797e-07	1	1	0
deletion	CHROMOSOME_X:2462001-2466000	4000	0.452556	46.9649	0.000227532	7319.5	808.235	0
deletion	CHROMOSOME_X:2992001-2995000	3000	0.050952	174.013	4.05146e-18	1	1	0
deletion	CHROMOSOME_X:3073001-3078000	5000	0.128852	1.19952	1.51958e-25	254.313	1.44855e-14	0
deletion	CHROMOSOME_X:3363001-3365000	2000	0.0919716	3960.29	6.85486e-09	1	1	0
deletion	CHROMOSOME_X:3846001-3848000	2000	0.0544148	3380.53	2.8367e-10	1	1	0
deletion	CHROMOSOME_X:4026001-4056000	30000	0.144974	5.31242e-12	5.53979e-91	5.69188e-12	2.4611e-84	0
deletion	CHROMOSOME_X:4203001-4206000	3000	0.214447	1355.45	7.85626e-10	1	1	0
deletion	CHROMOSOME_X:5045001-5056000	11000	0.147131	0.000187746	2.88828e-37	6.02072e-05	3.12569e-51	0
deletion	CHROMOSOME_X:5227001-5234000	7000	0.349286	83.4944	0.000109912	517.669	0.748979	0
deletion	CHROMOSOME_X:5284001-5286000	2000	0.272435	23268.8	0.047665	1	1	0
deletion	CHROMOSOME_X:5906001-5916000	10000	0.138608	0.00760581	2.2148e-18	0.00315242	2.28782e-41	0
deletion	CHROMOSOME_X:6826001-6830000	4000	0.100578	618.59	1.79308e-09	1857.38	1.08884e-12	0
duplication	CHROMOSOME_X:6844001-7344000	500000	1.5979	0	2.87097e+09	0	2.87097e+09	0
deletion	CHROMOSOME_X:7351001-7361000	10000	0.0613023	0.000753839	3.19109e-28	7.92484e-06	1.5224e-58	0
duplication	CHROMOSOME_X:7362001-10298000	2.936e+06	1.55831	0	2.871e+09	0	2.871e+09	0
deletion	CHROMOSOME_X:10361001-10371000	10000	0.241874	0.0259569	2.00936e-14	0.0132214	2.54864e-32	0
deletion	CHROMOSOME_X:11975001-11980000	5000	0.254758	116.874	1.97307e-09	2230.69	1.05154e-08	0
deletion	CHROMOSOME_X:12016001-12018000	2000	0.286111	9876.43	0.0165642	1	1	0
deletion	CHROMOSOME_X:12520001-12522000	2000	0.0715362	13825.9	1.31958e-08	1	1	0
deletion	CHROMOSOME_X:14362001-14364000	2000	0.133872	7495.91	3.67541e-07	1	1	0
deletion	CHROMOSOME_X:14385001-14390000	5000	0.065763	2.42151	2.52339e-29	636.239	2.14616e-16	0
deletion	CHROMOSOME_X:14723001-14725000	2000	0.138357	7476.66	5.10601e-07	1	1	0
deletion	CHROMOSOME_X:15808001-15811000	3000	0.286064	1566.44	7.2079e-06	1	1	0
deletion	CHROMOSOME_X:16100001-16102000	2000	0.10187	22429.6	8.01394e-07	1	1	0
deletion	CHROMOSOME_X:16758001-16761000	3000	0.228091	2267.2	2.87101e-06	1	1	0
deletion	CHROMOSOME_X:16932001-16940000	8000	0.279353	0.832145	9.36262e-13	22.4054	2.20321e-07	0
deletion	CHROMOSOME_X:17060001-17062000	2000	0.22334	33703.8	0.0133312	1	1	0
deletion	CHROMOSOME_X:17218001-17221000	3000	0.256251	1833.83	5.99207e-06	1	1	0
deletion	CHROMOSOME_X:17250001-17253000	3000	0.277249	11392.1	0.00247701	1	1	0
deletion	CHROMOSOME_X:17280001-17284000	4000	0.174248	249.704	5.28797e-14	27584.2	4.8037e-07	0
deletion	CHROMOSOME_X:17310001-17312000	2000	0.160776	37050.8	0.000605862	1	1	0
deletion	CHROMOSOME_X:17688001-17693000	5000	0.247323	107.165	2.2885e-09	4089.89	2.10559e-05	0
duplication	CHROMOSOME_MtDNA:1-14000	14000	36.1749	0.00241497	0	3.82494e-05	0	0
