deletion	CHROMOSOME_I:185001-189000	4000	0.159804	479.509	4.68621e-17	13196.4	5.71881e-18	0
deletion	CHROMOSOME_I:676001-680000	4000	0.282948	301.334	5.03672e-14	32353.8	4.1147e-07	0
deletion	CHROMOSOME_I:704001-730000	26000	0.706467	0.00651072	11.6888	0.00404287	51.6623	0
deletion	CHROMOSOME_I:1117001-1125000	8000	0.258795	0.0294132	5.16773e-31	0.216563	6.0542e-36	0
deletion	CHROMOSOME_I:1361001-1380000	19000	0.591535	0.0206875	3.3686e-18	0.137594	2.30275e-15	0
deletion	CHROMOSOME_I:1472001-1475000	3000	0.241799	2962.39	3.5021e-11	1	1	0
deletion	CHROMOSOME_I:1534001-1536000	2000	0.239685	15167	6.78712e-09	1	1	0
deletion	CHROMOSOME_I:1658001-1663000	5000	0.372916	1018	7.24255e-05	31238.2	19.9135	0
deletion	CHROMOSOME_I:1756001-1759000	3000	0.16393	2513.36	1.20384e-15	1	1	0
deletion	CHROMOSOME_I:1887001-1890000	3000	0.234709	605.57	2.28616e-17	1	1	0
deletion	CHROMOSOME_I:1935001-1937000	2000	0.239543	15210.8	6.76567e-09	1	1	0
deletion	CHROMOSOME_I:1975001-1978000	3000	0.282683	3600.23	3.50716e-12	1	1	0
deletion	CHROMOSOME_I:2002001-2005000	3000	0.544902	301.879	0.0380066	1	1	0
deletion	CHROMOSOME_I:2129001-2133000	4000	0.425488	310.727	5.50105e-06	12367.2	0.0011272	0
deletion	CHROMOSOME_I:2213001-2216000	3000	0.222404	555.727	5.70348e-19	1	1	0
deletion	CHROMOSOME_I:2365001-2369000	4000	0.335517	983.702	5.612e-09	9271.52	1.6772e-11	0
deletion	CHROMOSOME_I:2459001-2463000	4000	0.47545	1221.57	0.000326801	73937.7	588.116	0
deletion	CHROMOSOME_I:3271001-3273000	2000	0.26683	39429.1	1.42871e-05	1	1	0
deletion	CHROMOSOME_I:3390001-3394000	4000	0.433662	36.5398	2.95643e-11	22786.3	0.14463	0
deletion	CHROMOSOME_I:3485001-3488000	3000	0.179961	2718.02	9.34792e-17	1	1	0
deletion	CHROMOSOME_I:3553001-3555000	2000	0.307816	19645.5	7.91985e-06	1	1	0
deletion	CHROMOSOME_I:3664001-3666000	2000	0.101881	36573.9	3.87125e-12	1	1	0
deletion	CHROMOSOME_I:3761001-3766000	5000	0.235708	161.725	2.14077e-16	8375.89	2.40744e-06	0
deletion	CHROMOSOME_I:3980001-3982000	2000	0.311559	11673.7	2.32752e-06	1	1	0
duplication	CHROMOSOME_I:4058001-4071000	13000	1.27888	0.00117582	0.197077	0.000593898	2.17661e-06	0
deletion	CHROMOSOME_I:4280001-4294000	14000	0.0547688	8.30558e-08	9.4081e-58	1.19529e-10	1.5977e-122	0
deletion	CHROMOSOME_I:4341001-4358000	17000	0.0255833	9.37485e-12	1.50771e-88	1.06248e-11	1.3778e-230	0
deletion	CHROMOSOME_I:4573001-4575000	2000	0.299854	35433	8.45317e-05	1	1	0
deletion	CHROMOSOME_I:4752001-4756000	4000	0.336898	3499.76	0.00605902	109307	4170.79	0
deletion	CHROMOSOME_I:4814001-4816000	2000	0.115057	35032.2	8.66943e-12	1	1	0
deletion	CHROMOSOME_I:4959001-4962000	3000	0.416436	1430.11	7.90821e-06	1	1	0
deletion	CHROMOSOME_I:5297001-5299000	2000	0.271013	54207.2	0.000363607	1	1	0
deletion	CHROMOSOME_I:5638001-5643000	5000	0.363621	97.1551	1.13824e-11	2537.57	1.09046e-09	0
deletion	CHROMOSOME_I:5975001-5978000	3000	0.2675	1065.4	5.45366e-13	1	1	0
deletion	CHROMOSOME_I:6590001-6592000	2000	0.25113	3225.25	1.25237e-09	1	1	0
deletion	CHROMOSOME_I:6603001-6605000	2000	0.244429	14332.7	8.76229e-09	1	1	0
deletion	CHROMOSOME_I:6932001-6934000	2000	0.351686	10325.7	5.78191e-05	1	1	0
deletion	CHROMOSOME_I:7741001-7743000	2000	0.190847	16047	7.21209e-11	1	1	0
deletion	CHROMOSOME_I:7843001-7846000	3000	0.0324324	109.302	1.65748e-33	1	1	0
deletion	CHROMOSOME_I:7868001-7870000	2000	0.253167	35844.6	2.27535e-06	1	1	0
deletion	CHROMOSOME_I:8131001-8133000	2000	0.230732	69173.7	0.000460129	1	1	0
deletion	CHROMOSOME_I:8464001-8466000	2000	0.24834	52755.8	5.39808e-05	1	1	0
deletion	CHROMOSOME_I:8619001-8623000	4000	0.172392	1068.46	1.80013e-12	2906.51	5.66205e-22	0
deletion	CHROMOSOME_I:9300001-9302000	2000	0.256612	62180	0.000635772	1	1	0
deletion	CHROMOSOME_I:9346001-9349000	3000	0.202133	1541.5	1.97547e-15	1	1	0
deletion	CHROMOSOME_I:9452001-9454000	2000	0.351117	15429.2	0.000133673	1	1	0
deletion	CHROMOSOME_I:9679001-9683000	4000	0.160046	741.559	2.41281e-13	3178.58	2.20855e-19	0
deletion	CHROMOSOME_I:9817001-9823000	6000	0.233131	51.9479	1.19583e-14	2049.59	7.43233e-07	0
deletion	CHROMOSOME_I:10204001-10221000	17000	0.168322	2.81409e-05	0.757931	0.000180931	10.1508	0
deletion	CHROMOSOME_I:10239001-10242000	3000	0.247986	8950.27	6.24292e-09	1	1	0
deletion	CHROMOSOME_I:10271001-10277000	6000	0.245438	56.0213	1.74505e-07	66.0632	3.65971e-28	0
deletion	CHROMOSOME_I:10528001-10530000	2000	0.212407	9779.24	1.24508e-10	1	1	0
deletion	CHROMOSOME_I:10852001-10855000	3000	0.029656	82.0944	1.12952e-33	1	1	0
deletion	CHROMOSOME_I:11170001-11172000	2000	0.137631	25553.2	4.88726e-12	1	1	0
deletion	CHROMOSOME_I:11228001-11232000	4000	0.307518	2561.44	6.66566e-06	18016.7	1.51589e-14	0
deletion	CHROMOSOME_I:11480001-11482000	2000	0.103271	785.489	4.56678e-17	1	1	0
deletion	CHROMOSOME_I:11849001-11852000	3000	0.169305	3301.11	2.598e-18	1	1	0
deletion	CHROMOSOME_I:12037001-12039000	2000	0.256593	28119.4	5.76644e-07	1	1	0
deletion	CHROMOSOME_I:12191001-12194000	3000	0.268484	4556.24	3.31721e-11	1	1	0
deletion	CHROMOSOME_I:12401001-12403000	2000	0.314275	38714.5	0.00045785	1	1	0
deletion	CHROMOSOME_I:12462001-12471000	9000	0.448239	55.8382	0.00862239	228.311	0.0218809	0
deletion	CHROMOSOME_I:12598001-12602000	4000	0.607009	107.688	0.0245498	1943.78	8395.38	0
deletion	CHROMOSOME_I:12754001-12758000	4000	0.434677	1470.88	3.1923e-07	89273	30.2739	0
deletion	CHROMOSOME_I:12840001-12842000	2000	0.298949	41907.5	0.000264692	1	1	0
deletion	CHROMOSOME_I:13016001-13019000	3000	0.114695	135.224	1.9752e-26	1	1	0
deletion	CHROMOSOME_I:13212001-13214000	2000	0.343819	14946.7	6.74637e-05	1	1	0
deletion	CHROMOSOME_I:13220001-13227000	7000	0.525949	26.0884	3.31897e-06	356.094	0.0614789	0
deletion	CHROMOSOME_I:13266001-13270000	4000	0.445427	3496.06	0.00360473	65726.6	0.00996082	0
deletion	CHROMOSOME_I:13404001-13408000	4000	0.0980223	639.316	3.39694e-17	810.936	3.53878e-23	0
deletion	CHROMOSOME_I:13609001-13616000	7000	0.164093	12.1621	1.25877e-08	1.96434	3.08896e-45	0
deletion	CHROMOSOME_I:13933001-13937000	4000	0.362545	32.1175	8.44769e-16	5729.49	1.51732e-06	0
deletion	CHROMOSOME_I:14092001-14096000	4000	0.412736	3299.4	0.0115739	37596.4	5.1268e-07	0
deletion	CHROMOSOME_I:14350001-14355000	5000	0.566344	930.122	0.0196367	4081.73	574.189	0
deletion	CHROMOSOME_I:14452001-14457000	5000	0.274557	14.4444	2.26384e-25	1747.88	2.46734e-13	0
deletion	CHROMOSOME_I:14685001-14687000	2000	0.292677	36729.4	6.22464e-05	1	1	0
deletion	CHROMOSOME_I:14885001-14891000	6000	0.0142689	0.000156674	5.0938e-77	0.0696283	5.653e-52	0
duplication	CHROMOSOME_I:15060001-15073000	13000	48.9013	0.000130986	0	5.83014e-08	0	0
deletion	CHROMOSOME_II:16001-18000	2000	0.0111934	3657.45	1.27396e-21	1	1	0
deletion	CHROMOSOME_II:140001-146000	6000	0.309493	30.4678	3.05549e-16	669.661	1.08693e-10	0
deletion	CHROMOSOME_II:478001-481000	3000	0.226792	6983.04	2.11646e-11	1	1	0
deletion	CHROMOSOME_II:696001-700000	4000	0.356381	1349.79	0.00337042	103750	3110.71	0
deletion	CHROMOSOME_II:784001-786000	2000	0.176391	63597.5	3.09679e-06	1	1	0
deletion	CHROMOSOME_II:851001-858000	7000	0.075818	0.0217769	7.73726e-56	0.0880611	4.27479e-59	0
deletion	CHROMOSOME_II:977001-979000	2000	0.328873	48185.9	0.00662593	1	1	0
deletion	CHROMOSOME_II:1076001-1081000	5000	0.0326173	0.188031	3.44984e-58	196.893	1.57927e-32	0
deletion	CHROMOSOME_II:1363001-1366000	3000	0.211276	3533.9	1.29556e-11	1	1	0
deletion	CHROMOSOME_II:1451001-1459000	8000	0.20592	0.00906792	1.50552e-39	1.64462	1.76918e-27	0
deletion	CHROMOSOME_II:1511001-1515000	4000	0.346684	804.77	6.55153e-08	29335	1.21719e-07	0
deletion	CHROMOSOME_II:1564001-1567000	3000	0.327918	1288.52	1.48451e-09	1	1	0
deletion	CHROMOSOME_II:1809001-1811000	2000	0.116057	29569.1	1.86052e-12	1	1	0
deletion	CHROMOSOME_II:1950001-1953000	3000	0.334125	213.21	8.34644e-13	1	1	0
deletion	CHROMOSOME_II:1961001-1987000	26000	0.030845	6.12971e-12	1.20982e-170	6.64052e-12	0	0
deletion	CHROMOSOME_II:2002001-2010000	8000	0.0119625	6.11672e-07	4.51984e-98	6.90614e-10	3.44092e-85	0
deletion	CHROMOSOME_II:2386001-2388000	2000	0.326483	33569.4	0.000455902	1	1	0
deletion	CHROMOSOME_II:2593001-2600000	7000	0.0194843	6.6501e-05	3.61767e-83	0.00261503	1.79805e-65	0
deletion	CHROMOSOME_II:2980001-2983000	3000	0.237734	8766.12	4.65295e-08	1	1	0
deletion	CHROMOSOME_II:3160001-3169000	9000	0.0777427	0.0185496	1.15478e-33	0.00258675	1.82233e-68	0
deletion	CHROMOSOME_II:3226001-3229000	3000	0.183176	8029.39	2.68101e-08	1	1	0
deletion	CHROMOSOME_II:3465001-3468000	3000	0.430425	5319.72	0.0418997	1	1	0
deletion	CHROMOSOME_II:3769001-3771000	2000	0.337148	49346.4	0.0139736	1	1	0
deletion	CHROMOSOME_II:3939001-3947000	8000	0.112625	0.0832788	1.61697e-42	0.0557398	3.13669e-59	0
deletion	CHROMOSOME_II:4052001-4054000	2000	0.111052	39451.6	2.20067e-11	1	1	0
deletion	CHROMOSOME_II:4896001-4899000	3000	0.312118	6017.43	2.64831e-05	1	1	0
deletion	CHROMOSOME_II:4927001-4930000	3000	0.265689	11267.3	2.60565e-06	1	1	0
deletion	CHROMOSOME_II:5073001-5078000	5000	0.286533	430.011	2.69001e-08	566.362	3.83229e-23	0
deletion	CHROMOSOME_II:5979001-5982000	3000	0.256948	12798.6	0.00809075	1	1	0
deletion	CHROMOSOME_II:6068001-6071000	3000	0.213001	2954.13	5.62266e-16	1	1	0
deletion	CHROMOSOME_II:6074001-6077000	3000	0.117485	146.54	4.04308e-27	1	1	0
deletion	CHROMOSOME_II:6185001-6187000	2000	0.261052	38238.9	7.09785e-06	1	1	0
deletion	CHROMOSOME_II:6571001-6573000	2000	0.199405	8064.65	2.09141e-11	1	1	0
deletion	CHROMOSOME_II:6982001-6986000	4000	0.238525	840.777	1.91226e-09	12542.4	4.39776e-13	0
deletion	CHROMOSOME_II:7502001-7504000	2000	0.11071	40120.2	2.59763e-11	1	1	0
deletion	CHROMOSOME_II:8240001-8242000	2000	0.18872	53632.4	7.37605e-07	1	1	0
deletion	CHROMOSOME_II:8975001-8978000	3000	0.358506	7888	1.56399e-06	1	1	0
deletion	CHROMOSOME_II:9202001-9204000	2000	0.106211	1568.28	8.49095e-17	1	1	0
deletion	CHROMOSOME_II:9567001-9569000	2000	0.0895322	17521.1	2.51125e-15	1	1	0
deletion	CHROMOSOME_II:9632001-9635000	3000	0.176179	5284.33	7.76011e-11	1	1	0
deletion	CHROMOSOME_II:9808001-9826000	18000	0.0544881	1.3104e-09	3.52202e-24	9.96078e-12	9.40213e-194	0
deletion	CHROMOSOME_II:10337001-10339000	2000	0.0104278	3404.67	8.84695e-22	1	1	0
deletion	CHROMOSOME_II:10380001-10382000	2000	0.302152	40181.8	0.000243799	1	1	0
deletion	CHROMOSOME_II:10832001-10834000	2000	0.291542	29210.9	1.32517e-05	1	1	0
deletion	CHROMOSOME_II:10904001-10906000	2000	0.306689	22707.9	1.29907e-05	1	1	0
deletion	CHROMOSOME_II:11122001-11125000	3000	0.261856	4060.13	3.68812e-09	1	1	0
deletion	CHROMOSOME_II:11229001-11232000	3000	0.244098	10219.3	0.000114568	1	1	0
deletion	CHROMOSOME_II:11505001-11509000	4000	0.379708	1995.25	0.0347546	1785.18	6.95818e-11	0
deletion	CHROMOSOME_II:11527001-11531000	4000	0.272752	634.825	1.52007e-12	33617.7	5.73579e-10	0
deletion	CHROMOSOME_II:11824001-11827000	3000	0.335933	2212.64	6.17213e-08	1	1	0
deletion	CHROMOSOME_II:11955001-11958000	3000	0.204038	30.5345	1.39388e-21	1	1	0
deletion	CHROMOSOME_II:12121001-12123000	2000	0.405876	7425.89	0.00301723	1	1	0
deletion	CHROMOSOME_II:12285001-12287000	2000	0.255141	29776.9	7.29115e-07	1	1	0
deletion	CHROMOSOME_II:12307001-12309000	2000	0.420422	13474.3	0.0220038	1	1	0
deletion	CHROMOSOME_II:12315001-12319000	4000	0.402298	1971.34	0.00521311	30844.2	0.0784448	0
deletion	CHROMOSOME_II:12649001-12651000	2000	0.15265	11014.3	3.32765e-13	1	1	0
deletion	CHROMOSOME_II:12656001-12658000	2000	0.369381	24064.6	0.00233924	1	1	0
deletion	CHROMOSOME_II:12844001-12846000	2000	0.19669	44103	1.43743e-07	1	1	0
deletion	CHROMOSOME_II:13381001-13387000	6000	0.558162	55.4036	0.019629	2275.87	103.421	0
deletion	CHROMOSOME_II:13429001-13433000	4000	0.11464	940.652	1.51123e-13	562.515	1.41551e-22	0
deletion	CHROMOSOME_II:13650001-13652000	2000	0.178259	26180.8	3.07138e-10	1	1	0
deletion	CHROMOSOME_II:13657001-13659000	2000	0.28529	28014.4	6.27096e-06	1	1	0
deletion	CHROMOSOME_II:14024001-14030000	6000	0.383379	58.8381	0.00027024	2650.15	5.94078	0
deletion	CHROMOSOME_II:14144001-14147000	3000	0.320597	9427.26	0.000988582	1	1	0
deletion	CHROMOSOME_II:14324001-14337000	13000	0.148178	0.00485556	249.159	0.173207	3039.97	0
deletion	CHROMOSOME_II:14687001-14693000	6000	0.131663	115.085	0.00547142	2.48158	5.3019e-47	0
deletion	CHROMOSOME_II:14741001-14743000	2000	0.157636	54834.9	8.56976e-08	1	1	0
deletion	CHROMOSOME_II:14761001-14768000	7000	0.400388	4.70031	7.66216e-15	127.592	4.16571e-08	0
deletion	CHROMOSOME_II:14835001-14839000	4000	0.338496	3979.94	0.00684557	6873.71	6.00104e-16	0
deletion	CHROMOSOME_II:14877001-14880000	3000	0.274103	4353.96	9.44073e-11	1	1	0
deletion	CHROMOSOME_II:14991001-14995000	4000	0.206267	441.086	4.69292e-17	34305.5	7.42873e-12	0
deletion	CHROMOSOME_II:15095001-15097000	2000	0.12049	4305.32	1.13688e-15	1	1	0
deletion	CHROMOSOME_II:15137001-15143000	6000	0.219305	19.839	1.69813e-16	132.177	1.13888e-26	0
deletion	CHROMOSOME_III:97001-106000	9000	0.186998	0.03423	1.61737e-40	0.62828	2.23477e-38	0
deletion	CHROMOSOME_III:110001-114000	4000	0.332156	256.154	3.55513e-13	61024.6	0.031948	0
deletion	CHROMOSOME_III:233001-235000	2000	0.313524	38295.5	0.000401756	1	1	0
deletion	CHROMOSOME_III:273001-277000	4000	0.26157	1597.38	6.29012e-11	5076.16	5.08314e-18	0
deletion	CHROMOSOME_III:316001-333000	17000	0.181888	4.16911e-06	7.44811e-29	0.000125137	1.96755e-24	0
deletion	CHROMOSOME_III:388001-398000	10000	0.16606	0.00641844	2.37743e-34	0.000171777	6.74018e-84	0
deletion	CHROMOSOME_III:424001-428000	4000	0.137022	115.416	1.17018e-28	31791.2	5.23729e-13	0
deletion	CHROMOSOME_III:588001-591000	3000	0.186792	1407.34	6.44256e-18	1	1	0
deletion	CHROMOSOME_III:934001-936000	2000	0.322945	62697.3	0.0495936	1	1	0
deletion	CHROMOSOME_III:1089001-1091000	2000	0.00104314	337.391	3.53878e-23	1	1	0
deletion	CHROMOSOME_III:1105001-1129000	24000	0.661573	0.0403968	2.69426e-08	0.139763	7.06977e-07	0
deletion	CHROMOSOME_III:1293001-1295000	2000	0.35881	23355.6	0.000934163	1	1	0
deletion	CHROMOSOME_III:1363001-1370000	7000	0.113205	0.0411434	3.45789e-52	12.7499	8.79636e-35	0
deletion	CHROMOSOME_III:1480001-1483000	3000	0.241692	2267.64	1.98411e-12	1	1	0
deletion	CHROMOSOME_III:1563001-1578000	15000	0.636626	0.0487561	4.89606e-08	0.37614	8.42568e-06	0
deletion	CHROMOSOME_III:1838001-1843000	5000	0.0354807	0.0728997	2.85513e-59	216.619	4.53512e-32	0
deletion	CHROMOSOME_III:2078001-2082000	4000	0.000771829	0.000236905	6.97901e-54	499.529	1.41551e-22	0
deletion	CHROMOSOME_III:2611001-2613000	2000	0.351458	40425.4	0.00873343	1	1	0
deletion	CHROMOSOME_III:2761001-2766000	5000	0.453259	105.866	2.31715e-06	8112.16	2.52456	0
deletion	CHROMOSOME_III:3180001-3201000	21000	0.732774	0.0331945	5.67887e-05	0.182541	0.00114652	0
deletion	CHROMOSOME_III:3334001-3337000	3000	0.0680826	443.895	3.00832e-29	1	1	0
deletion	CHROMOSOME_III:3385001-3387000	2000	0.179419	26781.9	4.01751e-10	1	1	0
deletion	CHROMOSOME_III:3895001-3898000	3000	0.253157	2328.85	5.30723e-12	1	1	0
deletion	CHROMOSOME_III:4254001-4257000	3000	0.270782	3721.87	8.3545e-09	1	1	0
deletion	CHROMOSOME_III:4749001-4753000	4000	0.440714	381.279	2.462e-08	30199.4	0.00396192	0
deletion	CHROMOSOME_III:5786001-5790000	4000	0.338454	311.82	1.35118e-12	53334	0.0622835	0
deletion	CHROMOSOME_III:6502001-6505000	3000	0.446215	1389.48	9.98053e-05	1	1	0
deletion	CHROMOSOME_III:6567001-6572000	5000	0.0255794	0.0159905	2.54346e-63	6.19209	1.68449e-34	0
deletion	CHROMOSOME_III:6572001-6575000	3000	0.295241	3103.48	2.98684e-09	1	1	0
deletion	CHROMOSOME_III:6659001-6665000	6000	0.335361	13.094	6.42061e-26	700.14	6.19146e-15	0
deletion	CHROMOSOME_III:6982001-6986000	4000	0.457968	742.07	0.00264555	29781.9	0.44242	0
deletion	CHROMOSOME_III:7105001-7107000	2000	0.337383	728.014	2.90925e-06	1	1	0
deletion	CHROMOSOME_III:7404001-7444000	40000	0.0573128	3.98431e-12	1.80447e-118	4.19401e-12	1.01928e-180	0
deletion	CHROMOSOME_III:7448001-7452000	4000	0.0492664	14.2743	2.52894e-40	5624.38	4.58626e-20	0
deletion	CHROMOSOME_III:7469001-7471000	2000	0.290942	55917.2	0.001968	1	1	0
deletion	CHROMOSOME_III:7595001-7605000	10000	0.44594	2.30921	2.38247e-06	23.822	0.00247302	0
deletion	CHROMOSOME_III:8203001-8205000	2000	0.306702	42665	0.000535932	1	1	0
duplication	CHROMOSOME_III:8337001-8353000	16000	1.85027	0.010976	4.4934e+06	0.172346	1.00753e+07	0
deletion	CHROMOSOME_III:8735001-8737000	2000	0.337158	56878.2	0.0469881	1	1	0
deletion	CHROMOSOME_III:9533001-9535000	2000	0.268948	53824.7	0.000292123	1	1	0
deletion	CHROMOSOME_III:10267001-10269000	2000	0.350441	26184.1	0.000787557	1	1	0
deletion	CHROMOSOME_III:11160001-11167000	7000	0.459885	343.891	0.031212	3443	42.3458	0
deletion	CHROMOSOME_III:11429001-11437000	8000	0.385974	13.8605	0.00037584	67.8022	2.96517e-05	0
deletion	CHROMOSOME_III:11594001-11602000	8000	0.0344196	3.698e-06	2.23855e-97	0.00369186	7.53327e-71	0
deletion	CHROMOSOME_III:11605001-11608000	3000	0.209735	11760.4	9.98053e-05	1	1	0
deletion	CHROMOSOME_III:11642001-11648000	6000	0.202322	112.005	4.60164e-07	536.772	2.11841e-18	0
deletion	CHROMOSOME_III:11734001-11737000	3000	0.233162	82.4078	1.1979e-19	1	1	0
deletion	CHROMOSOME_III:11964001-11968000	4000	0.387238	93.2605	1.60023e-11	36887	0.214342	0
deletion	CHROMOSOME_III:12007001-12009000	2000	0.248169	8847.69	3.49708e-09	1	1	0
deletion	CHROMOSOME_III:12072001-12074000	2000	0.390632	30357	0.0285662	1	1	0
deletion	CHROMOSOME_III:12209001-12213000	4000	0.378778	911.463	3.09096e-09	5000.6	1.26597e-09	0
deletion	CHROMOSOME_III:12263001-12283000	20000	0.724593	0.0383357	3.10752e-05	0.158529	0.000774419	0
deletion	CHROMOSOME_III:12476001-12479000	3000	0.243452	1083.72	1.84611e-15	1	1	0
deletion	CHROMOSOME_III:12646001-12649000	3000	0.305251	649.5	6.52502e-13	1	1	0
deletion	CHROMOSOME_III:12698001-12709000	11000	0.524774	0.12139	1.11719e-20	2.84088	2.48532e-15	0
deletion	CHROMOSOME_III:12865001-12867000	2000	0.210502	56485.9	7.43911e-06	1	1	0
deletion	CHROMOSOME_III:12878001-12881000	3000	0.426958	4440.56	0.00854726	1	1	0
deletion	CHROMOSOME_III:13075001-13086000	11000	0.0060732	1.44884e-11	3.2901e-158	1.77081e-11	7.41458e-128	0
deletion	CHROMOSOME_III:13446001-13449000	3000	0.388719	4274.77	0.000195306	1	1	0
deletion	CHROMOSOME_III:13531001-13536000	5000	0.453403	850.987	0.00224603	6661.3	3.88861e-05	0
deletion	CHROMOSOME_III:13584001-13602000	18000	0.1111	1.24842e-09	2.12956e-38	9.96078e-12	9.32569e-101	0
deletion	CHROMOSOME_III:13610001-13613000	3000	0.182742	130.103	8.83511e-23	1	1	0
deletion	CHROMOSOME_IV:349001-351000	2000	0.227246	67239.4	0.000245233	1	1	0
deletion	CHROMOSOME_IV:508001-513000	5000	0.0121378	0.00568776	2.49573e-64	50.4512	4.18342e-35	0
deletion	CHROMOSOME_IV:689001-707000	18000	0.199963	0.00431682	688954	0.0719662	1.73938e+06	0
deletion	CHROMOSOME_IV:890001-914000	24000	0.127039	1.58044e-09	0.0244769	1.44884e-11	5.64368e-16	0
deletion	CHROMOSOME_IV:985001-988000	3000	0.413895	346.226	4.43933e-08	1	1	0
deletion	CHROMOSOME_IV:1270001-1273000	3000	0.197898	6577.49	4.03419e-10	1	1	0
deletion	CHROMOSOME_IV:1279001-1282000	3000	0.249451	12034.7	0.00324773	1	1	0
deletion	CHROMOSOME_IV:1440001-1442000	2000	0.158964	8040.38	2.76765e-13	1	1	0
deletion	CHROMOSOME_IV:1476001-1478000	2000	0.236048	66330.9	0.00036669	1	1	0
deletion	CHROMOSOME_IV:1501001-1515000	14000	0.584151	3.12652	0.0214635	12.9404	0.83402	0
deletion	CHROMOSOME_IV:1703001-1706000	3000	0.161581	458.348	2.47087e-21	1	1	0
deletion	CHROMOSOME_IV:1809001-1817000	8000	0.530907	24.7739	0.00266772	242.279	2.71715	0
deletion	CHROMOSOME_IV:1931001-1933000	2000	0.150861	30050.9	6.42277e-11	1	1	0
deletion	CHROMOSOME_IV:2096001-2100000	4000	0.504065	4903.81	0.0494692	106550	483.104	0
deletion	CHROMOSOME_IV:2368001-2372000	4000	0.235113	1945.08	1.61073e-05	32202.5	3.32765e-13	0
deletion	CHROMOSOME_IV:2405001-2408000	3000	0.225979	3572.56	1.78019e-13	1	1	0
deletion	CHROMOSOME_IV:2484001-2487000	3000	0.266021	4223.89	3.22651e-12	1	1	0
deletion	CHROMOSOME_IV:2574001-2576000	2000	0.0351754	1308.84	1.02271e-20	1	1	0
deletion	CHROMOSOME_IV:2633001-2635000	2000	0.397649	9620.24	0.00219075	1	1	0
deletion	CHROMOSOME_IV:2739001-2741000	2000	0.281913	54288.5	0.000787557	1	1	0
deletion	CHROMOSOME_IV:2903001-2906000	3000	0.305363	1262.51	2.34911e-12	1	1	0
deletion	CHROMOSOME_IV:3206001-3209000	3000	0.303771	13529.6	9.84176e-05	1	1	0
deletion	CHROMOSOME_IV:3315001-3320000	5000	0.24309	6.20152	2.30834e-31	1590.13	2.5188e-15	0
deletion	CHROMOSOME_IV:3498001-3502000	4000	0.202957	993.097	4.24549e-11	30555.5	1.27842e-13	0
deletion	CHROMOSOME_IV:4220001-4222000	2000	0.375188	38921	0.0350783	1	1	0
deletion	CHROMOSOME_IV:4304001-4306000	2000	0.393776	26075.1	0.0190608	1	1	0
deletion	CHROMOSOME_IV:4416001-4421000	5000	0.202264	90.7307	4.79583e-24	5542.64	6.19058e-11	0
deletion	CHROMOSOME_IV:4500001-4502000	2000	0.237059	62085.6	0.000164932	1	1	0
deletion	CHROMOSOME_IV:4881001-4883000	2000	0.291245	2289.12	5.27736e-08	1	1	0
deletion	CHROMOSOME_IV:4921001-4928000	7000	0.163995	0.532299	7.14395e-42	61.7022	2.05235e-27	0
deletion	CHROMOSOME_IV:5298001-5302000	4000	0.383686	3014.1	3.91803e-09	100834	1.63133	0
deletion	CHROMOSOME_IV:5772001-5775000	3000	0.131866	3278.48	1.32354e-15	1	1	0
deletion	CHROMOSOME_IV:6285001-6288000	3000	0.478049	396.581	0.000114633	1	1	0
deletion	CHROMOSOME_IV:6312001-6314000	2000	0.262136	58395.7	0.000442283	1	1	0
deletion	CHROMOSOME_IV:6318001-6321000	3000	0.348925	207.907	9.3094e-12	1	1	0
deletion	CHROMOSOME_IV:6348001-6353000	5000	0.417195	12.2083	6.18196e-15	2539.08	1.81088e-05	0
deletion	CHROMOSOME_IV:6669001-6676000	7000	0.189148	0.799047	1.71928e-33	92.3663	1.99054e-21	0
deletion	CHROMOSOME_IV:6683001-6729000	46000	0.153528	3.46462e-12	2.35284e+07	3.6221e-12	2.8994e+07	0
deletion	CHROMOSOME_IV:7344001-7346000	2000	0.315113	27679.5	6.5578e-05	1	1	0
deletion	CHROMOSOME_IV:7524001-7526000	2000	0.312092	32679.5	0.000129984	1	1	0
deletion	CHROMOSOME_IV:7563001-7568000	5000	0.341723	1394.29	0.000396727	1491.47	5.48276e-20	0
deletion	CHROMOSOME_IV:7596001-7600000	4000	0.321836	1313.39	2.55893e-05	109233	271.048	0
deletion	CHROMOSOME_IV:8072001-8074000	2000	0.127742	44586.1	4.44398e-10	1	1	0
deletion	CHROMOSOME_IV:8256001-8259000	3000	0.270634	1481.15	1.44921e-13	1	1	0
deletion	CHROMOSOME_IV:8400001-8404000	4000	0.316581	1829.34	0.000333853	35400.2	3.62949e-09	0
deletion	CHROMOSOME_IV:9409001-9414000	5000	0.254044	404.409	9.40802e-09	6868.9	3.50647e-09	0
deletion	CHROMOSOME_IV:9620001-9622000	2000	0.301658	37200.3	0.000135117	1	1	0
deletion	CHROMOSOME_IV:9685001-9687000	2000	0.199217	31507.3	8.31467e-09	1	1	0
deletion	CHROMOSOME_IV:10308001-10310000	2000	0.284523	68284.1	0.0120251	1	1	0
deletion	CHROMOSOME_IV:10322001-10324000	2000	0.314733	1828.23	4.44994e-07	1	1	0
deletion	CHROMOSOME_IV:11033001-11036000	3000	0.297879	9221.53	9.31981e-06	1	1	0
deletion	CHROMOSOME_IV:11197001-11203000	6000	0.486693	183.152	0.0355456	3893.38	153.651	0
deletion	CHROMOSOME_IV:11302001-11304000	2000	0.239869	4914.11	6.01303e-10	1	1	0
deletion	CHROMOSOME_IV:11419001-11421000	2000	0.0870588	3521.7	1.62672e-17	1	1	0
deletion	CHROMOSOME_IV:11611001-11616000	5000	0.0638973	14.1848	6.73799e-34	11.8111	2.51445e-37	0
deletion	CHROMOSOME_IV:11660001-11662000	2000	0.296023	37930	0.000101024	1	1	0
deletion	CHROMOSOME_IV:12022001-12026000	4000	0.131809	10.8066	8.80749e-35	13965.3	5.02855e-13	0
deletion	CHROMOSOME_IV:12248001-12251000	3000	0.235737	1486.45	1.18228e-14	1	1	0
deletion	CHROMOSOME_IV:12254001-12258000	4000	0.293437	1734.17	0.000286513	26984.8	1.77936e-08	0
deletion	CHROMOSOME_IV:12321001-12326000	5000	0.371103	524.471	1.50779e-08	12993.5	0.123089	0
deletion	CHROMOSOME_IV:12730001-12734000	4000	0.373441	5127.53	0.0121826	1948.07	1.60901e-15	0
deletion	CHROMOSOME_IV:12875001-12877000	2000	0.365925	10697.2	0.000201522	1	1	0
deletion	CHROMOSOME_IV:12929001-12933000	4000	0.510836	118.594	2.62247e-05	26077	20.6158	0
deletion	CHROMOSOME_IV:13043001-13045000	2000	0.281179	6480.92	4.94656e-08	1	1	0
deletion	CHROMOSOME_IV:13294001-13297000	3000	0.139389	2052.78	1.45043e-17	1	1	0
deletion	CHROMOSOME_IV:13436001-13439000	3000	0.092877	883.51	3.0489e-25	1	1	0
deletion	CHROMOSOME_IV:13462001-13465000	3000	0.273012	2721.04	3.11434e-10	1	1	0
deletion	CHROMOSOME_IV:13733001-13741000	8000	0.362655	8.06694	3.05565e-09	57.058	1.47404e-07	0
deletion	CHROMOSOME_IV:13929001-13934000	5000	0.12809	32.3707	5.31797e-25	15.2105	4.62224e-34	0
deletion	CHROMOSOME_IV:14012001-14014000	2000	0.267561	9893.45	2.86644e-08	1	1	0
deletion	CHROMOSOME_IV:14234001-14237000	3000	0.273742	3632.84	9.83097e-09	1	1	0
deletion	CHROMOSOME_IV:14476001-14482000	6000	0.227773	9.53947	1.56065e-18	31.6811	1.46551e-29	0
deletion	CHROMOSOME_IV:15075001-15083000	8000	0.16116	0.203149	9.2461e-25	0.163773	3.185e-52	0
deletion	CHROMOSOME_IV:15342001-15345000	3000	0.261017	8413.01	1.23083e-07	1	1	0
deletion	CHROMOSOME_IV:15373001-15377000	4000	0.242628	1919.53	1.39139e-07	62197.9	1.12049e-06	0
deletion	CHROMOSOME_IV:15484001-15486000	2000	0.168456	41740.4	7.34388e-09	1	1	0
deletion	CHROMOSOME_IV:15596001-15601000	5000	0.287637	393.668	1.85495e-10	1714.44	3.54166e-19	0
deletion	CHROMOSOME_IV:15652001-15655000	3000	0.395119	5192.44	5.10518e-05	1	1	0
deletion	CHROMOSOME_IV:15708001-15710000	2000	0.102624	4169.82	1.32089e-16	1	1	0
deletion	CHROMOSOME_IV:15765001-15770000	5000	0.450227	643.878	8.50655e-06	13974.1	5.50891	0
deletion	CHROMOSOME_IV:16127001-16130000	3000	0.232489	3414.88	8.16351e-14	1	1	0
deletion	CHROMOSOME_IV:16153001-16155000	2000	0.236522	4660.01	4.02531e-10	1	1	0
deletion	CHROMOSOME_IV:16680001-16682000	2000	0.246512	142.356	3.74879e-10	1	1	0
deletion	CHROMOSOME_IV:16764001-16766000	2000	0.390337	5635.85	0.000657698	1	1	0
deletion	CHROMOSOME_IV:16843001-16845000	2000	0.282986	26795	4.05317e-06	1	1	0
deletion	CHROMOSOME_IV:16879001-16884000	5000	0.281162	426.45	7.01565e-14	10599.1	1.01662e-05	0
deletion	CHROMOSOME_IV:17060001-17063000	3000	0.15194	2184.9	1.3429e-16	1	1	0
deletion	CHROMOSOME_IV:17139001-17143000	4000	0.29972	788.379	7.97279e-09	21761.8	1.87292e-10	0
deletion	CHROMOSOME_IV:17154001-17156000	2000	0.440972	4308.99	0.0295932	1	1	0
deletion	CHROMOSOME_IV:17169001-17171000	2000	0.291022	7633.05	1.59511e-07	1	1	0
deletion	CHROMOSOME_IV:17218001-17220000	2000	0.305116	24803.4	1.70499e-05	1	1	0
deletion	CHROMOSOME_IV:17389001-17392000	3000	0.111097	459.442	8.41288e-26	1	1	0
deletion	CHROMOSOME_V:1-16000	16000	0.469254	1.09569e-10	2.21367e-42	2.29952e-09	5.42285e-36	0
duplication	CHROMOSOME_V:17001-42000	25000	1.33378	5.09992e-11	0.000156674	9.70094e-10	0.00180318	0
deletion	CHROMOSOME_V:182001-184000	2000	0.268245	62617	0.0015005	1	1	0
deletion	CHROMOSOME_V:739001-742000	3000	0.238641	4541.13	1.00786e-12	1	1	0
deletion	CHROMOSOME_V:766001-771000	5000	0.0182408	0.0188581	1.8952e-63	88.8446	1.41191e-34	0
deletion	CHROMOSOME_V:1107001-1111000	4000	0.37861	894.592	1.84837e-06	51126	0.00249798	0
deletion	CHROMOSOME_V:1215001-1218000	3000	0.0803603	518.222	3.49438e-26	1	1	0
deletion	CHROMOSOME_V:1254001-1259000	5000	0.1592	12.8613	1.64119e-27	166.247	2.00478e-27	0
deletion	CHROMOSOME_V:1330001-1332000	2000	0.33476	10158.5	1.32517e-05	1	1	0
deletion	CHROMOSOME_V:1403001-1405000	2000	0.350024	27567.2	0.000961441	1	1	0
deletion	CHROMOSOME_V:1560001-1562000	2000	0.265058	9961.09	2.2949e-08	1	1	0
deletion	CHROMOSOME_V:1834001-1838000	4000	0.239096	298.803	5.84751e-19	15203.8	1.4848e-13	0
duplication	CHROMOSOME_V:2348001-2563000	215000	2.67754	0	2.87083e+09	0	2.87083e+09	0
deletion	CHROMOSOME_V:2777001-2779000	2000	0.394476	30213.8	0.0365829	1	1	0
deletion	CHROMOSOME_V:3049001-3051000	2000	0.324366	39397.7	0.00107992	1	1	0
deletion	CHROMOSOME_V:3251001-3253000	2000	0.186416	49801.8	2.45739e-07	1	1	0
deletion	CHROMOSOME_V:3325001-3331000	6000	0.0852862	1.56117	4.81918e-38	3.65602	5.1093e-46	0
deletion	CHROMOSOME_V:3434001-3441000	7000	0.143184	1.50104	1.30419e-25	4.06845	2.1491e-40	0
deletion	CHROMOSOME_V:3520001-3522000	2000	0.114859	22611.7	1.96707e-13	1	1	0
deletion	CHROMOSOME_V:3590001-3592000	2000	0.245248	40577	3.308e-06	1	1	0
deletion	CHROMOSOME_V:3795001-3797000	2000	0.279963	52977.3	0.000537605	1	1	0
deletion	CHROMOSOME_V:4026001-4031000	5000	0.322752	144.843	2.42761e-11	1249.76	2.63998e-15	0
deletion	CHROMOSOME_V:4333001-4337000	4000	0.187014	955.799	2.27892e-14	1189.02	1.27396e-21	0
deletion	CHROMOSOME_V:4603001-4605000	2000	0.232293	19551.1	9.50338e-09	1	1	0
deletion	CHROMOSOME_V:5415001-5418000	3000	0.285749	6022.88	1.32868e-08	1	1	0
deletion	CHROMOSOME_V:5637001-5643000	6000	0.373753	404.865	0.00769082	62.2753	1.57655e-24	0
deletion	CHROMOSOME_V:6070001-6095000	25000	0.0784387	6.3749e-12	4.46033e-222	6.92924e-12	1.35395e-219	0
deletion	CHROMOSOME_V:6177001-6181000	4000	0.36684	1349.83	1.13185e-09	70666.3	0.00631797	0
deletion	CHROMOSOME_V:6369001-6372000	3000	0.189894	5053.51	1.26366e-10	1	1	0
deletion	CHROMOSOME_V:6571001-6574000	3000	0.289183	1543.4	3.5021e-11	1	1	0
deletion	CHROMOSOME_V:6711001-6717000	6000	0.485766	239.515	7.46354e-07	3118.32	0.0371231	0
deletion	CHROMOSOME_V:6937001-6942000	5000	0.316186	721.6	9.90738e-06	2668.72	5.50109e-16	0
duplication	CHROMOSOME_V:7095001-7114000	19000	2.00218	6.07796e-08	3.14882e-60	1.0798e-07	1.61236e-98	0
deletion	CHROMOSOME_V:7718001-7721000	3000	0.10433	608.56	4.31205e-24	1	1	0
deletion	CHROMOSOME_V:7912001-7925000	13000	0.280461	0.00650409	1.11704e-10	0.0802732	1.08197e-07	0
deletion	CHROMOSOME_V:7949001-7951000	2000	0.353093	50794.9	0.0498103	1	1	0
deletion	CHROMOSOME_V:8315001-8318000	3000	0.292864	4482.79	7.07747e-10	1	1	0
deletion	CHROMOSOME_V:8328001-8331000	3000	0.321492	731.766	5.0708e-11	1	1	0
deletion	CHROMOSOME_V:8346001-8348000	2000	0.268034	14673.8	8.56976e-08	1	1	0
deletion	CHROMOSOME_V:8381001-8383000	2000	0.292796	36527.3	6.04326e-05	1	1	0
deletion	CHROMOSOME_V:8700001-8703000	3000	0.220581	2970.95	6.61215e-13	1	1	0
deletion	CHROMOSOME_V:8706001-8710000	4000	0.0370495	22.6513	2.28337e-39	886.412	1.41551e-22	0
deletion	CHROMOSOME_V:9428001-9434000	6000	0.142752	68.3822	1.51129e-06	0.903277	1.30798e-47	0
deletion	CHROMOSOME_V:9602001-9605000	3000	0.179875	4218.47	1.00786e-12	1	1	0
deletion	CHROMOSOME_V:10135001-10143000	8000	0.412715	9.2075	3.28893e-09	71.5889	4.4668e-11	0
deletion	CHROMOSOME_V:10268001-10270000	2000	0.0763275	11941.1	8.41439e-17	1	1	0
deletion	CHROMOSOME_V:10284001-10286000	2000	0.396258	15575.5	0.00482865	1	1	0
deletion	CHROMOSOME_V:11100001-11103000	3000	0.346249	5063.47	8.76533e-05	1	1	0
deletion	CHROMOSOME_V:11319001-11321000	2000	0.370676	26651.8	0.00387901	1	1	0
deletion	CHROMOSOME_V:12373001-12377000	4000	0.380337	618.75	1.95587e-08	34871.8	0.0361292	0
deletion	CHROMOSOME_V:12955001-12959000	4000	0.333442	5307.84	0.00290789	2306.88	1.53102e-18	0
deletion	CHROMOSOME_V:13124001-13126000	2000	0.142904	3082.27	1.03659e-14	1	1	0
deletion	CHROMOSOME_V:13438001-13441000	3000	0.362294	6720.98	0.000430173	1	1	0
deletion	CHROMOSOME_V:13640001-13646000	6000	0.129028	0.210115	2.77728e-50	1.40027	7.81641e-43	0
deletion	CHROMOSOME_V:14108001-14110000	2000	0.116618	5043.11	9.18272e-16	1	1	0
deletion	CHROMOSOME_V:14124001-14126000	2000	0.159	16760	3.42651e-12	1	1	0
deletion	CHROMOSOME_V:14154001-14157000	3000	0.313067	13314.7	0.0170315	1	1	0
deletion	CHROMOSOME_V:14236001-14238000	2000	0.35337	47387.3	0.0298723	1	1	0
deletion	CHROMOSOME_V:14303001-14305000	2000	0.036756	4044.35	3.62371e-20	1	1	0
deletion	CHROMOSOME_V:14359001-14362000	3000	0.385146	18028	0.0193099	1	1	0
deletion	CHROMOSOME_V:14587001-14591000	4000	0.238732	466.635	8.47128e-13	62065.1	0.0493164	0
deletion	CHROMOSOME_V:14741001-14744000	3000	0.398514	12819.7	0.000612884	1	1	0
deletion	CHROMOSOME_V:14768001-14771000	3000	0.416718	9768.67	0.0172042	1	1	0
deletion	CHROMOSOME_V:15022001-15024000	2000	0.334657	5540.02	5.59109e-06	1	1	0
deletion	CHROMOSOME_V:15321001-15323000	2000	0.226825	28867.9	5.14167e-08	1	1	0
deletion	CHROMOSOME_V:15389001-15392000	3000	0.325971	11561.1	0.0013219	1	1	0
deletion	CHROMOSOME_V:15408001-15411000	3000	0.447535	2270.5	0.000725979	1	1	0
deletion	CHROMOSOME_V:15555001-15559000	4000	0.26977	246.795	4.33873e-17	2897.67	2.63765e-13	0
deletion	CHROMOSOME_V:15681001-15685000	4000	0.12715	56.6984	9.91336e-29	6881.35	2.6112e-17	0
deletion	CHROMOSOME_V:15907001-15910000	3000	0.110526	1324.22	4.6446e-21	1	1	0
deletion	CHROMOSOME_V:16106001-16112000	6000	0.266045	46.4582	3.26736e-10	4.8602	9.21911e-35	0
deletion	CHROMOSOME_V:16312001-16314000	2000	0.133605	43673.4	5.79619e-10	1	1	0
deletion	CHROMOSOME_V:16330001-16333000	3000	0.386074	1764.8	2.57645e-06	1	1	0
deletion	CHROMOSOME_V:16523001-16526000	3000	0.350475	12349.6	0.0017647	1	1	0
deletion	CHROMOSOME_V:17095001-17098000	3000	0.279286	12010.5	9.30409e-07	1	1	0
deletion	CHROMOSOME_V:17118001-17122000	4000	0.147008	419.703	1.38958e-19	64318.5	1.99737e-05	0
deletion	CHROMOSOME_V:17130001-17132000	2000	0.00489771	1590.24	1.41551e-22	1	1	0
deletion	CHROMOSOME_V:17195001-17197000	2000	0.23754	34289.7	4.44994e-07	1	1	0
deletion	CHROMOSOME_V:17265001-17267000	2000	0.0261114	8661.77	5.66205e-20	1	1	0
deletion	CHROMOSOME_V:17385001-17394000	9000	0.100692	0.130971	9.14193e-20	5.67876	1.96654e-13	0
deletion	CHROMOSOME_V:17627001-17634000	7000	0.462626	0.848561	1.1766e-12	81.9291	1.51815e-06	0
deletion	CHROMOSOME_V:17736001-17739000	3000	0.318312	5002.4	4.08551e-07	1	1	0
deletion	CHROMOSOME_V:17957001-17975000	18000	0.653118	0.0327146	8.97174e-06	0.294969	0.000366911	0
deletion	CHROMOSOME_V:18117001-18119000	2000	0.245178	33864.7	7.6769e-07	1	1	0
deletion	CHROMOSOME_V:18428001-18430000	2000	0.0758595	26492.5	1.11619e-14	1	1	0
deletion	CHROMOSOME_V:18442001-18444000	2000	0.213042	63726.3	4.39808e-05	1	1	0
deletion	CHROMOSOME_V:18530001-18533000	3000	0.322142	13113.7	6.04535e-06	1	1	0
deletion	CHROMOSOME_V:18544001-18546000	2000	0.314226	65328	0.0448322	1	1	0
duplication	CHROMOSOME_V:18703001-18725000	22000	2.52242	3.76699e-10	2.78277e-159	6.05616e-10	1.20065e-233	0
deletion	CHROMOSOME_V:18882001-18884000	2000	0.317887	683.953	4.76145e-07	1	1	0
deletion	CHROMOSOME_V:19108001-19110000	2000	0.229249	40578.1	9.13271e-07	1	1	0
deletion	CHROMOSOME_V:19566001-19568000	2000	0.38105	33281.2	0.022556	1	1	0
deletion	CHROMOSOME_V:19851001-19853000	2000	0.332208	28563.9	0.000292679	1	1	0
deletion	CHROMOSOME_V:19950001-19953000	3000	0.223315	4841.76	5.15893e-11	1	1	0
deletion	CHROMOSOME_V:20042001-20045000	3000	0.356354	4328.79	4.17704e-06	1	1	0
deletion	CHROMOSOME_V:20114001-20116000	2000	0.375853	19884.1	0.00197083	1	1	0
deletion	CHROMOSOME_V:20273001-20275000	2000	0.165031	18760.7	1.11642e-11	1	1	0
deletion	CHROMOSOME_V:20434001-20438000	4000	0.129489	16.8213	1.98888e-34	6017.44	7.5565e-13	0
deletion	CHROMOSOME_V:20510001-20514000	4000	0.163527	1383.26	4.19727e-09	10318.6	2.03326e-17	0
deletion	CHROMOSOME_X:30001-32000	2000	0.404516	8934.31	0.00339272	1	1	0
deletion	CHROMOSOME_X:53001-59000	6000	0.468141	220.653	0.00721646	1960.66	53.0755	0
deletion	CHROMOSOME_X:63001-66000	3000	0	1.00475	3.92884e-39	1	1	0
deletion	CHROMOSOME_X:76001-101000	25000	0.781141	0.0291048	1480.13	0.123258	4713.24	0
deletion	CHROMOSOME_X:168001-170000	2000	0.266954	3703.37	6.76567e-09	1	1	0
deletion	CHROMOSOME_X:288001-292000	4000	0.36492	4909.53	0.00592831	136068	4125.55	0
deletion	CHROMOSOME_X:317001-322000	5000	0.450385	60.347	8.33284e-10	1388.74	0.0216615	0
deletion	CHROMOSOME_X:330001-332000	2000	0.370105	8624.8	0.000201522	1	1	0
deletion	CHROMOSOME_X:351001-353000	2000	0.352326	15732.2	0.000155406	1	1	0
deletion	CHROMOSOME_X:515001-518000	3000	0.403637	14444.4	0.00128925	1	1	0
deletion	CHROMOSOME_X:653001-655000	2000	0.342715	19118.9	0.000128241	1	1	0
deletion	CHROMOSOME_X:1136001-1141000	5000	0.147878	5.88772	1.00121e-37	246.5	1.08945e-27	0
deletion	CHROMOSOME_X:1606001-1609000	3000	0.258343	3793.45	3.10414e-09	1	1	0
deletion	CHROMOSOME_X:1636001-1639000	3000	0.331083	3446.92	2.8148e-07	1	1	0
deletion	CHROMOSOME_X:1782001-1785000	3000	0.376403	665.609	4.68855e-09	1	1	0
deletion	CHROMOSOME_X:2462001-2466000	4000	0.501805	465.781	0.00572893	48214.4	4055.58	0
deletion	CHROMOSOME_X:2992001-2995000	3000	0.0436115	288.111	2.49025e-30	1	1	0
deletion	CHROMOSOME_X:3073001-3078000	5000	0.145875	3.08807	1.98165e-39	805.581	2.34689e-21	0
deletion	CHROMOSOME_X:3129001-3131000	2000	0.215934	67005.6	0.000108747	1	1	0
deletion	CHROMOSOME_X:3363001-3365000	2000	0.100881	7015.71	2.78631e-16	1	1	0
deletion	CHROMOSOME_X:3722001-3724000	2000	0.205003	62515.7	1.90977e-05	1	1	0
deletion	CHROMOSOME_X:3735001-3737000	2000	0.326577	45430.1	0.00355936	1	1	0
deletion	CHROMOSOME_X:3846001-3848000	2000	0.0487669	11408.7	2.63742e-18	1	1	0
deletion	CHROMOSOME_X:4026001-4056000	30000	0.14139	5.31242e-12	1.97011e-128	5.69188e-12	2.74616e-119	0
deletion	CHROMOSOME_X:4200001-4206000	6000	0.458473	478.839	0.0111822	5352.73	71.0718	0
deletion	CHROMOSOME_X:4239001-4243000	4000	0.532708	225.405	0.00225183	3066.29	0.306513	0
deletion	CHROMOSOME_X:5045001-5056000	11000	0.147923	0.000332469	3.16063e-52	3.62651e-05	1.75312e-88	0
deletion	CHROMOSOME_X:5284001-5286000	2000	0.261019	12122.7	2.53901e-08	1	1	0
deletion	CHROMOSOME_X:5643001-5647000	4000	0	0.00156411	4.36188e-55	810.936	3.53878e-23	0
deletion	CHROMOSOME_X:5906001-5916000	10000	0.137434	0.00985002	4.33217e-27	0.00542886	2.10749e-60	0
deletion	CHROMOSOME_X:6826001-6830000	4000	0.115875	866.441	3.74508e-14	810.936	3.53878e-23	0
deletion	CHROMOSOME_X:7017001-7019000	2000	0.171837	1084.19	1.52863e-13	1	1	0
deletion	CHROMOSOME_X:7351001-7361000	10000	0.0372559	9.28608e-06	6.55603e-76	1.21083e-07	3.94998e-102	0
deletion	CHROMOSOME_X:9007001-9010000	3000	0.226055	8602.89	4.99311e-06	1	1	0
deletion	CHROMOSOME_X:9185001-9187000	2000	0.0372502	12498.1	9.86931e-19	1	1	0
deletion	CHROMOSOME_X:9604001-9608000	4000	0.204006	691.509	7.97083e-14	9211.9	1.33411e-17	0
deletion	CHROMOSOME_X:10361001-10371000	10000	0.255647	0.0104353	6.94728e-26	0.00771592	6.10458e-56	0
deletion	CHROMOSOME_X:11975001-11980000	5000	0.266716	82.3427	4.8437e-17	1198.47	4.43226e-18	0
deletion	CHROMOSOME_X:12016001-12018000	2000	0.286016	27142.7	5.59109e-06	1	1	0
deletion	CHROMOSOME_X:13648001-13650000	2000	0.233275	30543.6	1.32926e-07	1	1	0
duplication	CHROMOSOME_X:13809001-14723000	914000	1.47544	0	2.871e+09	0	2.871e+09	0
deletion	CHROMOSOME_X:14723001-14725000	2000	0.241421	4972.68	7.13435e-10	1	1	0
duplication	CHROMOSOME_X:14725001-14844000	119000	1.50552	0	2.71942e-09	0	5.46253e-09	0
duplication	CHROMOSOME_X:14846001-16932000	2.086e+06	1.42924	0	2.871e+09	0	2.871e+09	0
duplication	CHROMOSOME_X:16940001-17719000	779000	1.43443	0	2.871e+09	0	2.871e+09	0
duplication	CHROMOSOME_MtDNA:1-14000	14000	19.0263	0.000425972	0	1.24332e-06	0	0
