deletion	CHROMOSOME_I:185001-189000	4000	0.183649	551.441	1.82989e-18	18084.5	1.8345e-19	0
deletion	CHROMOSOME_I:400001-402000	2000	0.369525	58887	0.0352208	1	1	0
deletion	CHROMOSOME_I:414001-416000	2000	0.293289	5714.95	1.36246e-09	1	1	0
deletion	CHROMOSOME_I:676001-680000	4000	0.299293	399.865	1.39662e-13	22388.5	4.53147e-11	0
deletion	CHROMOSOME_I:728001-730000	2000	0.168774	5691.99	7.66819e-16	1	1	0
deletion	CHROMOSOME_I:1025001-1029000	4000	0.398767	1866.52	7.62623e-07	109669	46.792	0
deletion	CHROMOSOME_I:1117001-1125000	8000	0.236049	0.0388876	2.89917e-34	0.103962	3.30236e-48	0
deletion	CHROMOSOME_I:1359001-1380000	21000	0.638051	0.0258255	2.00906e-08	0.0936106	8.6458e-07	0
deletion	CHROMOSOME_I:1429001-1431000	2000	0.357696	64536.8	0.0407388	1	1	0
deletion	CHROMOSOME_I:1472001-1475000	3000	0.254967	3922.37	9.05089e-13	1	1	0
deletion	CHROMOSOME_I:1561001-1563000	2000	0.418692	134.915	0.000112767	1	1	0
deletion	CHROMOSOME_I:1658001-1663000	5000	0.434296	1217.29	1.48258e-05	30003.8	7.68819	0
deletion	CHROMOSOME_I:1723001-1725000	2000	0.280354	64823	0.000209231	1	1	0
deletion	CHROMOSOME_I:1739001-1762000	23000	0.666507	0.0259207	0.0139373	0.113501	0.134274	0
deletion	CHROMOSOME_I:1887001-1890000	3000	0.223507	334.655	3.0601e-21	1	1	0
deletion	CHROMOSOME_I:1920001-1922000	2000	0.363805	27854.3	0.000110552	1	1	0
deletion	CHROMOSOME_I:1935001-1937000	2000	0.309003	35708.4	4.84942e-06	1	1	0
deletion	CHROMOSOME_I:1975001-1978000	3000	0.310515	2381.43	1.83384e-13	1	1	0
deletion	CHROMOSOME_I:1998001-2013000	15000	0.746916	0.0292081	0.000107733	0.507784	0.00664418	0
deletion	CHROMOSOME_I:2035001-2038000	3000	0.521989	5640.09	0.0104764	1	1	0
deletion	CHROMOSOME_I:2129001-2133000	4000	0.424607	481.025	2.52508e-07	34622.9	0.00207608	0
deletion	CHROMOSOME_I:2213001-2216000	3000	0.225777	29.9769	1.10977e-23	1	1	0
deletion	CHROMOSOME_I:2365001-2369000	4000	0.31698	338.708	8.26497e-18	6032.82	2.00524e-13	0
deletion	CHROMOSOME_I:2459001-2463000	4000	0.487886	1459.05	0.000826874	59935.8	79.2147	0
deletion	CHROMOSOME_I:3271001-3273000	2000	0.245771	27647.4	2.24009e-09	1	1	0
deletion	CHROMOSOME_I:3390001-3394000	4000	0.360859	336.454	4.43698e-12	14364.3	1.48593e-09	0
deletion	CHROMOSOME_I:3485001-3487000	2000	0.0548138	14811.1	9.05928e-21	1	1	0
deletion	CHROMOSOME_I:3553001-3555000	2000	0.36405	49015.9	0.00464873	1	1	0
deletion	CHROMOSOME_I:3664001-3666000	2000	0.117596	42932.1	4.43905e-13	1	1	0
deletion	CHROMOSOME_I:3761001-3766000	5000	0.248303	151.567	1.57569e-17	8875.08	5.03148e-07	0
deletion	CHROMOSOME_I:3980001-3982000	2000	0.330632	58710.9	0.00234181	1	1	0
deletion	CHROMOSOME_I:4280001-4294000	14000	0.0561077	6.10966e-08	3.50683e-70	3.58588e-10	1.23403e-132	0
deletion	CHROMOSOME_I:4341001-4357000	16000	0	9.96078e-12	0	1.13838e-11	0	0
deletion	CHROMOSOME_I:4573001-4575000	2000	0.308697	18699.8	1.2522e-07	1	1	0
deletion	CHROMOSOME_I:4752001-4756000	4000	0.325922	2772.32	6.76336e-07	91265	44.0654	0
deletion	CHROMOSOME_I:5297001-5299000	2000	0.228565	40732.8	1.19328e-08	1	1	0
deletion	CHROMOSOME_I:5638001-5643000	5000	0.37787	2.71209	5.97385e-20	212.162	2.19543e-13	0
deletion	CHROMOSOME_I:5913001-5915000	2000	0.400244	38830.2	0.0124138	1	1	0
deletion	CHROMOSOME_I:6590001-6592000	2000	0.296475	6389.62	2.24009e-09	1	1	0
deletion	CHROMOSOME_I:6603001-6605000	2000	0.306189	2327.03	2.441e-09	1	1	0
deletion	CHROMOSOME_I:6722001-6725000	3000	0.430718	12480	0.000456451	1	1	0
deletion	CHROMOSOME_I:6932001-6934000	2000	0.337083	31800.9	2.43374e-05	1	1	0
deletion	CHROMOSOME_I:7741001-7743000	2000	0.287201	10331.5	2.14766e-09	1	1	0
deletion	CHROMOSOME_I:7842001-7846000	4000	0.176679	2961.58	0.000514902	5839.93	3.53878e-23	0
deletion	CHROMOSOME_I:7868001-7870000	2000	0.223399	12861.8	4.20747e-12	1	1	0
deletion	CHROMOSOME_I:8131001-8133000	2000	0.210577	55271.2	9.74922e-08	1	1	0
deletion	CHROMOSOME_I:8464001-8466000	2000	0.313761	66464.4	0.00303363	1	1	0
deletion	CHROMOSOME_I:8619001-8623000	4000	0.207939	1918.9	8.43026e-10	3291.38	0	0
deletion	CHROMOSOME_I:9346001-9349000	3000	0.23428	3883.91	2.21549e-12	1	1	0
deletion	CHROMOSOME_I:9452001-9454000	2000	0.37532	47131.6	0.00766127	1	1	0
deletion	CHROMOSOME_I:9679001-9683000	4000	0.175961	1641.51	6.54401e-09	765.547	3.53878e-23	0
deletion	CHROMOSOME_I:9817001-9823000	6000	0.173054	9.52999	6.40558e-34	722.535	1.05613e-19	0
deletion	CHROMOSOME_I:10204001-10219000	15000	0.136802	0.00073715	2.31821e+08	0.0175906	3.24243e+08	0
deletion	CHROMOSOME_I:10239001-10242000	3000	0.206571	6971.09	7.23318e-12	1	1	0
deletion	CHROMOSOME_I:10271001-10277000	6000	0.204645	39.6901	9.7316e-12	20.6782	3.80441e-41	0
deletion	CHROMOSOME_I:10528001-10530000	2000	0.24487	9610.86	1.88345e-11	1	1	0
deletion	CHROMOSOME_I:10852001-10856000	4000	0.152198	1740.2	2.74432e-09	3570.32	0	0
deletion	CHROMOSOME_I:10956001-10959000	3000	0.311874	5920.4	3.51982e-08	1	1	0
deletion	CHROMOSOME_I:11228001-11232000	4000	0.286908	1269.2	3.62658e-14	24553.2	2.01987e-15	0
deletion	CHROMOSOME_I:11317001-11320000	3000	0.383385	17947.5	0.000178859	1	1	0
deletion	CHROMOSOME_I:11480001-11482000	2000	0.133834	677.985	1.51633e-18	1	1	0
deletion	CHROMOSOME_I:11727001-11731000	4000	0.430817	2763.23	0.00012011	55064.8	587.228	0
deletion	CHROMOSOME_I:11881001-11884000	3000	0.285014	11972.3	0.00115938	1	1	0
deletion	CHROMOSOME_I:12037001-12039000	2000	0.254735	30065.3	9.77025e-09	1	1	0
deletion	CHROMOSOME_I:12190001-12194000	4000	0.382143	2327.98	0.000135463	35808.5	1.48795e-09	0
deletion	CHROMOSOME_I:12401001-12403000	2000	0.376292	43509.3	0.00450669	1	1	0
deletion	CHROMOSOME_I:12466001-12470000	4000	0.177281	144.741	7.55184e-28	28756.7	1.47246e-09	0
deletion	CHROMOSOME_I:12481001-12483000	2000	0.238527	27422.5	1.03192e-09	1	1	0
deletion	CHROMOSOME_I:12754001-12758000	4000	0.446954	1633.18	1.58178e-06	95661.6	67.3892	0
deletion	CHROMOSOME_I:12840001-12842000	2000	0.299017	48280.9	2.86099e-05	1	1	0
deletion	CHROMOSOME_I:13016001-13019000	3000	0.153192	818.338	1.05719e-23	1	1	0
deletion	CHROMOSOME_I:13212001-13214000	2000	0.421005	15410	0.00160979	1	1	0
deletion	CHROMOSOME_I:13220001-13227000	7000	0.525411	11.2083	2.64902e-11	71.506	1.40396e-05	0
deletion	CHROMOSOME_I:13266001-13270000	4000	0.444644	2397.3	4.35787e-05	63605.8	0.0016964	0
deletion	CHROMOSOME_I:13404001-13409000	5000	0.194856	521.748	2.27983e-11	0.842558	0	0
deletion	CHROMOSOME_I:13453001-13455000	2000	0.328521	33630.1	1.68436e-05	1	1	0
deletion	CHROMOSOME_I:13456001-13458000	2000	0.001105	357.422	0	1	1	0
deletion	CHROMOSOME_I:13610001-13616000	6000	0.0824186	0.715653	1.68035e-51	28.9657	1.35092e-43	0
deletion	CHROMOSOME_I:13728001-13731000	3000	0.44647	549.017	7.5909e-08	1	1	0
deletion	CHROMOSOME_I:13740001-13742000	2000	0.0269582	8950.39	3.53878e-23	1	1	0
deletion	CHROMOSOME_I:13932001-13937000	5000	0.363971	24.2458	4.76904e-21	1060.26	9.07327e-14	0
deletion	CHROMOSOME_I:14021001-14024000	3000	0.311966	16001.3	3.31277e-06	1	1	0
deletion	CHROMOSOME_I:14092001-14096000	4000	0.430975	2388.57	2.91068e-05	27047.3	1.72501e-08	0
deletion	CHROMOSOME_I:14452001-14457000	5000	0.320455	109.042	2.44169e-19	5528.42	5.20628e-09	0
deletion	CHROMOSOME_I:14598001-14600000	2000	0.37911	45652.4	0.00790047	1	1	0
deletion	CHROMOSOME_I:14685001-14687000	2000	0.341044	42743.4	0.000268658	1	1	0
deletion	CHROMOSOME_I:14885001-14891000	6000	0.0154778	6.62172e-05	5.37644e-87	0.0231636	0	0
duplication	CHROMOSOME_I:15060001-15073000	13000	56.6284	0.0143795	0	0.00314929	0	0
deletion	CHROMOSOME_II:16001-18000	2000	0.00902832	2943.59	0	1	1	0
deletion	CHROMOSOME_II:140001-146000	6000	0.306088	30.9906	5.64935e-21	810.119	1.64417e-14	0
deletion	CHROMOSOME_II:478001-481000	3000	0.197441	5144.41	5.03772e-16	1	1	0
deletion	CHROMOSOME_II:693001-700000	7000	0.433576	49.3819	0.00153119	858.801	4.91588	0
deletion	CHROMOSOME_II:851001-857000	6000	0.0514497	0.0082932	1.82865e-79	6.74007	4.57893e-50	0
deletion	CHROMOSOME_II:894001-896000	2000	0.213118	3611.28	9.0237e-14	1	1	0
deletion	CHROMOSOME_II:977001-979000	2000	0.355523	47512.7	0.00191779	1	1	0
deletion	CHROMOSOME_II:1034001-1040000	6000	0.216976	13.5561	2.25758e-30	178.083	1.81838e-29	0
deletion	CHROMOSOME_II:1076001-1081000	5000	0.0270425	0.122687	2.85954e-66	63.2257	0	0
deletion	CHROMOSOME_II:1363001-1366000	3000	0.206633	3176.17	1.07174e-14	1	1	0
deletion	CHROMOSOME_II:1511001-1514000	3000	0.308241	2005.35	4.22959e-13	1	1	0
deletion	CHROMOSOME_II:1564001-1567000	3000	0.408066	2913.44	5.6021e-06	1	1	0
deletion	CHROMOSOME_II:1797001-1799000	2000	0.119151	27787.2	3.29472e-15	1	1	0
deletion	CHROMOSOME_II:1809001-1811000	2000	0.119336	22985.9	6.44014e-16	1	1	0
deletion	CHROMOSOME_II:1950001-1953000	3000	0.334743	1102.15	4.66348e-13	1	1	0
deletion	CHROMOSOME_II:1961001-1987000	26000	0.0326406	6.12971e-12	1.57159e-249	6.64052e-12	0	0
deletion	CHROMOSOME_II:2002001-2010000	8000	0.0121566	4.76006e-07	3.82032e-112	6.64052e-10	0	0
deletion	CHROMOSOME_II:2593001-2600000	7000	0.035604	0.00122088	7.01782e-81	0.00127286	0	0
deletion	CHROMOSOME_II:2980001-2983000	3000	0.20582	6081.75	8.23514e-14	1	1	0
deletion	CHROMOSOME_II:3159001-3169000	10000	0.112873	0.0189195	6.77158e-40	8.23667e-06	2.66496e-102	0
deletion	CHROMOSOME_II:3226001-3229000	3000	0.22547	13162.1	5.13954e-05	1	1	0
deletion	CHROMOSOME_II:3465001-3468000	3000	0.366949	6359.04	2.54605e-05	1	1	0
deletion	CHROMOSOME_II:3769001-3771000	2000	0.33535	69058.2	0.0204822	1	1	0
deletion	CHROMOSOME_II:3939001-3947000	8000	0.100191	0.0391882	2.50103e-58	0.017065	3.04811e-73	0
deletion	CHROMOSOME_II:4051001-4054000	3000	0.211298	7601.04	8.64222e-11	1	1	0
deletion	CHROMOSOME_II:4554001-4556000	2000	0.0421087	2837	3.53878e-23	1	1	0
deletion	CHROMOSOME_II:4897001-4899000	2000	0.198158	187.262	5.1777e-15	1	1	0
deletion	CHROMOSOME_II:4927001-4930000	3000	0.268851	11603	9.25534e-08	1	1	0
deletion	CHROMOSOME_II:5073001-5078000	5000	0.323694	558.866	4.44499e-05	1125.22	1.49099e-21	0
deletion	CHROMOSOME_II:6068001-6071000	3000	0.191438	1619.29	6.24657e-22	1	1	0
deletion	CHROMOSOME_II:6185001-6187000	2000	0.228078	30538.3	8.21928e-10	1	1	0
deletion	CHROMOSOME_II:6571001-6573000	2000	0.219618	20263.5	2.1739e-11	1	1	0
deletion	CHROMOSOME_II:6795001-6798000	3000	0.138207	328.156	1.27724e-27	1	1	0
deletion	CHROMOSOME_II:6981001-6986000	5000	0.332958	687.767	0.000103663	804.357	6.59536e-26	0
deletion	CHROMOSOME_II:7502001-7505000	3000	0.23654	8546.41	1.58876e-10	1	1	0
deletion	CHROMOSOME_II:8240001-8242000	2000	0.219586	64945.7	2.22633e-06	1	1	0
deletion	CHROMOSOME_II:8975001-8978000	3000	0.411268	11362.5	0.00833199	1	1	0
deletion	CHROMOSOME_II:9202001-9204000	2000	0.115767	498.05	1.23185e-19	1	1	0
deletion	CHROMOSOME_II:9567001-9569000	2000	0.0894218	9995.4	1.31678e-19	1	1	0
deletion	CHROMOSOME_II:9632001-9635000	3000	0.211645	8832.25	4.74632e-08	1	1	0
deletion	CHROMOSOME_II:9808001-9826000	18000	0.0568405	3.27599e-10	3.33149e-41	9.96078e-12	1.37752e-200	0
deletion	CHROMOSOME_II:10033001-10035000	2000	0.272299	71546.8	0.00047299	1	1	0
deletion	CHROMOSOME_II:10337001-10339000	2000	0.00909596	2087.62	0	1	1	0
deletion	CHROMOSOME_II:10380001-10382000	2000	0.282291	47667.1	6.49769e-06	1	1	0
deletion	CHROMOSOME_II:10832001-10834000	2000	0.320588	50809.2	0.000254424	1	1	0
deletion	CHROMOSOME_II:11122001-11125000	3000	0.217045	3442.49	1.3758e-14	1	1	0
deletion	CHROMOSOME_II:11229001-11232000	3000	0.252854	11004.2	1.1388e-05	1	1	0
deletion	CHROMOSOME_II:11527001-11531000	4000	0.307626	507.078	3.01583e-16	39480.2	1.89663e-09	0
deletion	CHROMOSOME_II:11824001-11827000	3000	0.337487	183.958	1.78811e-14	1	1	0
deletion	CHROMOSOME_II:11955001-11958000	3000	0.244412	491.493	6.65335e-20	1	1	0
deletion	CHROMOSOME_II:12315001-12319000	4000	0.410169	1964.09	0.000102998	33369.6	0.0315443	0
deletion	CHROMOSOME_II:12649001-12651000	2000	0.106733	4114.83	1.40454e-19	1	1	0
deletion	CHROMOSOME_II:12750001-12753000	3000	0.350211	21622.9	3.64668e-05	1	1	0
deletion	CHROMOSOME_II:13429001-13433000	4000	0.120506	1179.45	6.96671e-14	417.836	0	0
deletion	CHROMOSOME_II:13650001-13652000	2000	0.200231	36110	2.35943e-10	1	1	0
deletion	CHROMOSOME_II:13657001-13659000	2000	0.372974	2342.29	2.22633e-06	1	1	0
deletion	CHROMOSOME_II:13818001-13824000	6000	0.595749	2.68777	4.69186e-06	88.8159	0.000988735	0
deletion	CHROMOSOME_II:14021001-14030000	9000	0.512175	14.6402	0.00368726	69.6642	0.0809892	0
deletion	CHROMOSOME_II:14144001-14147000	3000	0.297907	7276.16	1.05341e-06	1	1	0
deletion	CHROMOSOME_II:14324001-14337000	13000	0.145074	0.00488697	3877.81	0.173494	31015.4	0
deletion	CHROMOSOME_II:14688001-14693000	5000	0.0148967	0.0494352	1.17677e-68	194.019	1.06079e-37	0
deletion	CHROMOSOME_II:14761001-14768000	7000	0.4299	0.593272	2.34173e-24	31.3741	1.07519e-17	0
deletion	CHROMOSOME_II:14835001-14838000	3000	0.267502	15202.5	0.0165079	1	1	0
deletion	CHROMOSOME_II:14877001-14880000	3000	0.289476	5989.5	1.43504e-08	1	1	0
deletion	CHROMOSOME_II:14991001-14995000	4000	0.253328	820.808	3.22833e-14	41377.6	5.04141e-12	0
deletion	CHROMOSOME_II:15061001-15064000	3000	0.470619	3625.43	0.00324004	1	1	0
deletion	CHROMOSOME_II:15095001-15097000	2000	0.15383	13135.4	1.41079e-15	1	1	0
deletion	CHROMOSOME_II:15137001-15143000	6000	0.227223	45.4435	9.15546e-14	123.73	1.06961e-31	0
deletion	CHROMOSOME_III:97001-107000	10000	0.223719	0.03192	8.09738e-35	0.161617	5.03499e-41	0
deletion	CHROMOSOME_III:110001-114000	4000	0.433815	710.91	1.41147e-08	48940.6	0.00191779	0
deletion	CHROMOSOME_III:233001-235000	2000	0.360028	64329.2	0.0458331	1	1	0
deletion	CHROMOSOME_III:273001-277000	4000	0.341704	3699.39	1.11975e-06	659.221	1.03191e-19	0
deletion	CHROMOSOME_III:301001-303000	2000	0.313161	60435.6	0.000930507	1	1	0
deletion	CHROMOSOME_III:316001-333000	17000	0.198555	9.75666e-06	2.70445e-35	0.000231966	4.08887e-30	0
deletion	CHROMOSOME_III:388001-398000	10000	0.17407	0.00614683	2.67604e-48	0.00126445	2.67683e-79	0
deletion	CHROMOSOME_III:424001-428000	4000	0.16911	287.528	3.15182e-29	49437.3	7.73298e-11	0
deletion	CHROMOSOME_III:588001-591000	3000	0.150843	567.111	7.71779e-27	1	1	0
deletion	CHROMOSOME_III:934001-936000	2000	0.414482	25387.2	0.00450669	1	1	0
deletion	CHROMOSOME_III:1293001-1295000	2000	0.399897	4648.85	4.30845e-05	1	1	0
deletion	CHROMOSOME_III:1363001-1370000	7000	0.175181	2.9558	2.90619e-26	238.718	2.89609e-16	0
deletion	CHROMOSOME_III:1480001-1483000	3000	0.288824	2425.05	2.24076e-12	1	1	0
deletion	CHROMOSOME_III:1566001-1569000	3000	0.348747	7792.65	0.0003728	1	1	0
duplication	CHROMOSOME_III:1887001-1899000	12000	1.99824	1.88549e-05	1.25864e-137	0.00160353	3.11117e-113	0
deletion	CHROMOSOME_III:2077001-2083000	6000	0.175914	108.44	2.60245e-14	0.00809226	0	0
deletion	CHROMOSOME_III:2119001-2121000	2000	0.24253	17847.1	1.29262e-10	1	1	0
deletion	CHROMOSOME_III:2761001-2765000	4000	0.448666	329.323	1.79351e-06	16476.1	0.000407557	0
deletion	CHROMOSOME_III:3180001-3183000	3000	0.378217	3792.26	4.21362e-06	1	1	0
deletion	CHROMOSOME_III:3334001-3337000	3000	0.0790136	586.298	1.52838e-33	1	1	0
deletion	CHROMOSOME_III:3385001-3387000	2000	0.242375	39644.5	3.22551e-08	1	1	0
deletion	CHROMOSOME_III:3895001-3898000	3000	0.301101	2915.88	1.36759e-10	1	1	0
deletion	CHROMOSOME_III:4254001-4257000	3000	0.271065	3066.89	8.39095e-12	1	1	0
deletion	CHROMOSOME_III:4749001-4753000	4000	0.411565	199.299	6.26469e-11	14779.9	1.78901e-06	0
deletion	CHROMOSOME_III:5786001-5790000	4000	0.322271	519.396	7.39076e-13	65380	0.0460639	0
deletion	CHROMOSOME_III:6567001-6574000	7000	0.0784095	0.0294757	5.07244e-63	0.583229	1.72057e-57	0
deletion	CHROMOSOME_III:6659001-6665000	6000	0.396633	61.9119	2.80178e-10	978.095	1.75487e-12	0
deletion	CHROMOSOME_III:6982001-6985000	3000	0.347364	368.12	4.30479e-13	1	1	0
deletion	CHROMOSOME_III:6998001-7001000	3000	0.0590149	472.913	4.04788e-33	1	1	0
deletion	CHROMOSOME_III:7105001-7107000	2000	0.414019	29186.9	0.00782922	1	1	0
deletion	CHROMOSOME_III:7404001-7444000	40000	0.0607421	3.98431e-12	1.40461e-104	4.19401e-12	8.33843e-185	0
deletion	CHROMOSOME_III:7469001-7471000	2000	0.296185	40191.8	4.16838e-06	1	1	0
deletion	CHROMOSOME_III:7595001-7604000	9000	0.424243	2.86071	0.000345104	91.4764	0.256495	0
duplication	CHROMOSOME_III:8337001-8353000	16000	1.86624	0.00399859	841384	0.0674855	2.32608e+06	0
deletion	CHROMOSOME_III:8441001-8444000	3000	0.319776	11987.4	0.000289506	1	1	0
deletion	CHROMOSOME_III:8565001-8567000	2000	0.437767	2202.45	0.000867962	1	1	0
deletion	CHROMOSOME_III:8694001-8697000	3000	0.209348	6652.92	1.21669e-12	1	1	0
deletion	CHROMOSOME_III:10267001-10269000	2000	0.417558	34988.8	0.0246842	1	1	0
deletion	CHROMOSOME_III:11160001-11162000	2000	0.0795845	8920.38	2.39222e-20	1	1	0
deletion	CHROMOSOME_III:11429001-11434000	5000	0.30805	103.124	4.99542e-11	9459.86	0.00400273	0
deletion	CHROMOSOME_III:11593001-11602000	9000	0.0735141	0.00257919	1.3421e-52	3.87048e-05	7.64038e-101	0
deletion	CHROMOSOME_III:11605001-11608000	3000	0.209937	11547.7	1.94287e-06	1	1	0
deletion	CHROMOSOME_III:11642001-11648000	6000	0.197031	75.5633	1.48729e-12	498.527	3.87966e-22	0
deletion	CHROMOSOME_III:11734001-11737000	3000	0.245695	480.109	2.98676e-19	1	1	0
deletion	CHROMOSOME_III:11964001-11967000	3000	0.466836	3706.89	0.000114477	1	1	0
deletion	CHROMOSOME_III:12007001-12009000	2000	0.289801	3066.07	4.96364e-10	1	1	0
deletion	CHROMOSOME_III:12072001-12074000	2000	0.371238	22026.1	7.24818e-05	1	1	0
deletion	CHROMOSOME_III:12209001-12212000	3000	0.420439	5119.66	0.00101271	1	1	0
deletion	CHROMOSOME_III:12254001-12256000	2000	0.420614	12722.8	0.00102049	1	1	0
deletion	CHROMOSOME_III:12265001-12269000	4000	0.444269	347.789	1.14804e-09	46931.2	0.715263	0
deletion	CHROMOSOME_III:12476001-12479000	3000	0.259772	937.329	1.85636e-16	1	1	0
deletion	CHROMOSOME_III:12646001-12649000	3000	0.373431	1178.96	1.91112e-10	1	1	0
deletion	CHROMOSOME_III:12695001-12711000	16000	0.651302	0.0260543	1.62295e-06	0.106825	0.000130699	0
deletion	CHROMOSOME_III:12865001-12867000	2000	0.232514	52958.2	3.50149e-07	1	1	0
deletion	CHROMOSOME_III:12878001-12880000	2000	0.320278	13578.4	1.268e-07	1	1	0
deletion	CHROMOSOME_III:13075001-13087000	12000	0.0303759	2.64558e-08	2.22874e-102	1.59373e-11	0	0
deletion	CHROMOSOME_III:13531001-13535000	4000	0.347936	950.311	4.50827e-11	8091.28	2.19493e-13	0
deletion	CHROMOSOME_III:13584001-13602000	18000	0.144351	5.75512e-10	1.40199e-66	1.2949e-10	3.73023e-92	0
deletion	CHROMOSOME_III:13610001-13614000	4000	0.321719	1640.73	0.00014584	10979.9	1.36123e-13	0
deletion	CHROMOSOME_IV:221001-225000	4000	0.308588	2603.04	1.92247e-09	3456.45	3.40077e-20	0
deletion	CHROMOSOME_IV:508001-513000	5000	0.0166681	0.039997	1.54965e-69	155.131	3.14307e-38	0
deletion	CHROMOSOME_IV:689001-707000	18000	0.201657	0.00493921	142875	0.0811405	429611	0
deletion	CHROMOSOME_IV:890001-912000	22000	0.0542184	7.24421e-12	7.22794e-158	7.96863e-12	2.21635e-296	0
deletion	CHROMOSOME_IV:985001-990000	5000	0.44826	62.426	1.11163e-09	2979.63	7.57495e-06	0
deletion	CHROMOSOME_IV:1270001-1273000	3000	0.172789	4879.21	2.74922e-15	1	1	0
deletion	CHROMOSOME_IV:1279001-1282000	3000	0.268903	9909.06	2.59093e-05	1	1	0
deletion	CHROMOSOME_IV:1503001-1506000	3000	0.3387	7233.97	2.62778e-09	1	1	0
deletion	CHROMOSOME_IV:1703001-1706000	3000	0.190497	1550.71	2.09789e-19	1	1	0
deletion	CHROMOSOME_IV:1809001-1813000	4000	0.386621	1442.21	1.36489e-05	18600	0.000112594	0
deletion	CHROMOSOME_IV:1828001-1830000	2000	0.389031	42845.8	0.0103121	1	1	0
deletion	CHROMOSOME_IV:1931001-1933000	2000	0.159039	31316	8.50543e-13	1	1	0
deletion	CHROMOSOME_IV:2368001-2372000	4000	0.27898	2408.63	1.77852e-05	45563	2.42442e-12	0
deletion	CHROMOSOME_IV:2405001-2408000	3000	0.196833	2023.07	7.38083e-19	1	1	0
deletion	CHROMOSOME_IV:2502001-2522000	20000	0.76849	0.0262008	0.129946	0.160884	1.40666	0
deletion	CHROMOSOME_IV:2574001-2576000	2000	0.0432583	913.045	0	1	1	0
deletion	CHROMOSOME_IV:2589001-2592000	3000	0.411132	9804.13	9.70294e-06	1	1	0
deletion	CHROMOSOME_IV:2633001-2635000	2000	0.387431	49677.3	0.0273272	1	1	0
deletion	CHROMOSOME_IV:2739001-2741000	2000	0.309826	60728.5	0.000774875	1	1	0
deletion	CHROMOSOME_IV:2903001-2906000	3000	0.321257	3279.91	1.74827e-12	1	1	0
deletion	CHROMOSOME_IV:3206001-3210000	4000	0.433948	5636.05	0.000238102	96727.2	0.059787	0
deletion	CHROMOSOME_IV:3498001-3502000	4000	0.166475	864.3	4.72821e-15	15488.8	3.53878e-21	0
deletion	CHROMOSOME_IV:4220001-4222000	2000	0.391245	21138.1	0.000340389	1	1	0
deletion	CHROMOSOME_IV:4416001-4421000	5000	0.212091	126.754	1.02336e-21	4717.03	2.01683e-14	0
deletion	CHROMOSOME_IV:4881001-4883000	2000	0.325333	11558.9	1.35115e-07	1	1	0
deletion	CHROMOSOME_IV:4921001-4928000	7000	0.17161	0.596157	5.74717e-48	46.2646	9.10013e-32	0
deletion	CHROMOSOME_IV:5465001-5467000	2000	0.0255881	8483.68	3.53878e-23	1	1	0
deletion	CHROMOSOME_IV:5510001-5512000	2000	0.177487	40737	9.31798e-11	1	1	0
deletion	CHROMOSOME_IV:5561001-5564000	3000	0.334593	18086.6	0.000183552	1	1	0
deletion	CHROMOSOME_IV:5589001-5592000	3000	0.00233185	1.99498e-05	0	1	1	0
deletion	CHROMOSOME_IV:5772001-5775000	3000	0.117309	2135.77	5.1889e-22	1	1	0
deletion	CHROMOSOME_IV:6285001-6288000	3000	0.542213	2648.54	0.0125546	1	1	0
deletion	CHROMOSOME_IV:6348001-6353000	5000	0.474707	153.854	3.91487e-08	12849.2	0.218194	0
deletion	CHROMOSOME_IV:6668001-6676000	8000	0.221235	0.120591	2.51462e-44	4.07369	5.1046e-35	0
deletion	CHROMOSOME_IV:6682001-6729000	47000	0.165827	3.3909e-12	2.98786e+07	3.54161e-12	3.62851e+07	0
deletion	CHROMOSOME_IV:7344001-7346000	2000	0.333708	47061.6	0.000340462	1	1	0
deletion	CHROMOSOME_IV:7524001-7526000	2000	0.380748	39062.9	0.00299931	1	1	0
deletion	CHROMOSOME_IV:7563001-7568000	5000	0.336744	1300.8	2.46708e-05	1994.96	3.0045e-21	0
deletion	CHROMOSOME_IV:8072001-8074000	2000	0.147839	55775.1	4.5145e-10	1	1	0
deletion	CHROMOSOME_IV:8256001-8259000	3000	0.274534	3048.94	7.67464e-15	1	1	0
deletion	CHROMOSOME_IV:8401001-8404000	3000	0.202205	2051.76	4.69612e-21	1	1	0
deletion	CHROMOSOME_IV:8466001-8471000	5000	0.288343	252.275	2.88881e-09	2915.04	3.46704e-16	0
deletion	CHROMOSOME_IV:8574001-8579000	5000	0.457544	989.316	1.9689e-05	19920.4	9.11481	0
deletion	CHROMOSOME_IV:8997001-9000000	3000	0.518551	3707.96	0.0066192	1	1	0
deletion	CHROMOSOME_IV:9066001-9068000	2000	0.412798	9354.66	0.000302858	1	1	0
deletion	CHROMOSOME_IV:9409001-9414000	5000	0.266298	339.164	4.68063e-14	8634.49	2.23291e-08	0
deletion	CHROMOSOME_IV:9620001-9622000	2000	0.368944	23248	7.42101e-05	1	1	0
deletion	CHROMOSOME_IV:9685001-9687000	2000	0.214502	26323.3	6.72917e-11	1	1	0
deletion	CHROMOSOME_IV:10322001-10324000	2000	0.379565	10577.5	1.91234e-05	1	1	0
deletion	CHROMOSOME_IV:10997001-10999000	2000	0.407992	32223.3	0.00790047	1	1	0
deletion	CHROMOSOME_IV:11033001-11036000	3000	0.378382	14244.2	0.0258971	1	1	0
deletion	CHROMOSOME_IV:11302001-11304000	2000	0.250048	19981.6	4.91868e-10	1	1	0
deletion	CHROMOSOME_IV:11419001-11421000	2000	0.0809321	9337.9	3.40077e-20	1	1	0
deletion	CHROMOSOME_IV:11611001-11616000	5000	0.0990454	98.7832	2.02319e-21	19.3089	0	0
deletion	CHROMOSOME_IV:11660001-11662000	2000	0.280739	26233.8	4.70282e-08	1	1	0
deletion	CHROMOSOME_IV:12022001-12026000	4000	0.1484	19.4559	5.51992e-38	23375.9	1.25888e-14	0
deletion	CHROMOSOME_IV:12254001-12258000	4000	0.261393	956.073	1.64517e-11	37883.6	4.91868e-10	0
deletion	CHROMOSOME_IV:12314001-12319000	5000	0.272888	618.356	7.85601e-08	16986.8	0.331386	0
deletion	CHROMOSOME_IV:12322001-12326000	4000	0.379786	5524.26	0.0266905	110835	71.3008	0
duplication	CHROMOSOME_IV:12615001-13043000	428000	1.56596	0	2.871e+09	0	2.871e+09	0
duplication	CHROMOSOME_IV:13045001-13970000	925000	1.51123	0	2.871e+09	0	2.871e+09	0
duplication	CHROMOSOME_IV:13972001-14113000	141000	1.54619	0	2.871e+09	0	2.871e+09	0
deletion	CHROMOSOME_IV:14234001-14237000	3000	0.277657	4278.44	8.40477e-10	1	1	0
deletion	CHROMOSOME_IV:14476001-14482000	6000	0.288038	34.0544	2.19589e-13	88.3989	4.6952e-27	0
deletion	CHROMOSOME_IV:15076001-15083000	7000	0.187697	0.412687	7.88653e-44	48.396	8.21025e-29	0
deletion	CHROMOSOME_IV:15342001-15345000	3000	0.341313	19231.8	0.0363175	1	1	0
deletion	CHROMOSOME_IV:15484001-15486000	2000	0.245199	62934.7	1.0097e-05	1	1	0
deletion	CHROMOSOME_IV:15596001-15601000	5000	0.367994	743.653	1.08284e-09	8811.17	2.40397e-07	0
deletion	CHROMOSOME_IV:15708001-15710000	2000	0.138336	5866.2	1.72411e-17	1	1	0
deletion	CHROMOSOME_IV:15971001-15973000	2000	0.388566	45007.7	0.0140969	1	1	0
deletion	CHROMOSOME_IV:16127001-16130000	3000	0.310593	2737.45	8.78306e-13	1	1	0
deletion	CHROMOSOME_IV:16153001-16155000	2000	0.401859	14371.6	0.000268658	1	1	0
deletion	CHROMOSOME_IV:16680001-16682000	2000	0.306594	18248.5	9.25834e-08	1	1	0
deletion	CHROMOSOME_IV:16752001-16754000	2000	0.271351	45895.9	1.77424e-06	1	1	0
deletion	CHROMOSOME_IV:16879001-16884000	5000	0.379389	1514.06	1.90451e-05	15273	0.00771319	0
deletion	CHROMOSOME_IV:17006001-17009000	3000	0.240917	8991.46	2.10058e-09	1	1	0
deletion	CHROMOSOME_IV:17060001-17063000	3000	0.138156	1971.52	4.82263e-21	1	1	0
deletion	CHROMOSOME_IV:17169001-17171000	2000	0.392028	7765.04	3.61098e-05	1	1	0
deletion	CHROMOSOME_IV:17218001-17220000	2000	0.450458	13214.6	0.0128843	1	1	0
deletion	CHROMOSOME_IV:17389001-17392000	3000	0.109036	210.898	3.53263e-31	1	1	0
duplication	CHROMOSOME_V:1-438000	438000	2.08834	1.42697e-05	2.871e+09	1.57972e-05	2.871e+09	0
deletion	CHROMOSOME_V:739001-742000	3000	0.283874	7453.08	1.25892e-12	1	1	0
deletion	CHROMOSOME_V:766001-771000	5000	0.0180751	0.019424	4.84266e-71	112.875	3.92884e-39	0
deletion	CHROMOSOME_V:1107001-1111000	4000	0.427957	946.797	8.67493e-09	74791.6	1.19825	0
deletion	CHROMOSOME_V:1215001-1218000	3000	0.0980681	526.309	1.44051e-29	1	1	0
deletion	CHROMOSOME_V:1254001-1259000	5000	0.169645	4.35917	1.64801e-36	148.537	5.4755e-30	0
deletion	CHROMOSOME_V:1560001-1562000	2000	0.306997	5884.26	6.01978e-09	1	1	0
deletion	CHROMOSOME_V:1834001-1838000	4000	0.231042	233.993	4.85604e-25	16326.6	3.30492e-16	0
duplication	CHROMOSOME_V:2292001-2336000	44000	1.9698	0	1.09289e-119	0	7.51319e-114	0
deletion	CHROMOSOME_V:2347001-2564000	217000	0.463825	7.34436e-13	0	7.41268e-13	0	0
deletion	CHROMOSOME_V:3251001-3253000	2000	0.235769	54199.5	6.19549e-07	1	1	0
deletion	CHROMOSOME_V:3325001-3331000	6000	0.0905537	3.00612	7.40638e-39	0.654083	0	0
deletion	CHROMOSOME_V:3434001-3441000	7000	0.140702	1.82655	6.40457e-27	2.77934	8.52677e-53	0
deletion	CHROMOSOME_V:3520001-3522000	2000	0.12328	15283.5	7.02547e-17	1	1	0
deletion	CHROMOSOME_V:3590001-3592000	2000	0.241476	63239.3	8.12974e-06	1	1	0
deletion	CHROMOSOME_V:3731001-3738000	7000	0.43028	197.061	0.041606	2924.33	51.997	0
deletion	CHROMOSOME_V:3924001-3927000	3000	0.315597	15688.5	0.00106501	1	1	0
deletion	CHROMOSOME_V:4026001-4031000	5000	0.406644	883.412	0.000112669	13034.6	0.0304957	0
deletion	CHROMOSOME_V:4244001-4248000	4000	0.588258	293.497	0.00153759	47767.8	595.798	0
deletion	CHROMOSOME_V:4333001-4337000	4000	0.2089	1368.69	2.04406e-13	3416.6	0	0
deletion	CHROMOSOME_V:4603001-4605000	2000	0.335833	45733.9	0.000312766	1	1	0
deletion	CHROMOSOME_V:5478001-5481000	3000	0.551889	729.582	0.0181325	1	1	0
deletion	CHROMOSOME_V:5597001-5599000	2000	0.476135	2849.21	0.0246842	1	1	0
deletion	CHROMOSOME_V:6070001-6095000	25000	0.078459	6.3749e-12	4.11233e-254	6.92924e-12	7.58932e-243	0
deletion	CHROMOSOME_V:6177001-6182000	5000	0.43768	532.385	0.000409384	8159.9	1.62297e-06	0
deletion	CHROMOSOME_V:6369001-6372000	3000	0.184919	2867.03	1.29242e-16	1	1	0
deletion	CHROMOSOME_V:6571001-6574000	3000	0.302447	438.41	2.0444e-16	1	1	0
deletion	CHROMOSOME_V:6711001-6717000	6000	0.487341	458.367	0.00157556	2636.82	0.00358757	0
deletion	CHROMOSOME_V:6937001-6942000	5000	0.352401	1098.12	3.07341e-08	5536.6	1.16046e-12	0
deletion	CHROMOSOME_V:7442001-7445000	3000	0.375108	3918.52	9.73584e-10	1	1	0
deletion	CHROMOSOME_V:7718001-7721000	3000	0.135816	669.698	1.45626e-25	1	1	0
deletion	CHROMOSOME_V:8179001-8181000	2000	0.368364	60018.9	0.039185	1	1	0
deletion	CHROMOSOME_V:8315001-8318000	3000	0.323738	8131.79	2.4908e-06	1	1	0
deletion	CHROMOSOME_V:8328001-8331000	3000	0.309008	840.452	1.04016e-14	1	1	0
deletion	CHROMOSOME_V:8346001-8348000	2000	0.300921	30894.4	8.59996e-07	1	1	0
deletion	CHROMOSOME_V:8381001-8383000	2000	0.292883	32700.8	6.19549e-07	1	1	0
deletion	CHROMOSOME_V:8431001-8433000	2000	0.374405	44021	0.00426936	1	1	0
deletion	CHROMOSOME_V:8700001-8703000	3000	0.196804	2326.84	2.89614e-19	1	1	0
deletion	CHROMOSOME_V:8706001-8710000	4000	0.038144	18.0664	3.55812e-46	723.63	0	0
deletion	CHROMOSOME_V:9429001-9434000	5000	0.0341874	0.0373429	1.54965e-69	75.1648	3.92884e-39	0
deletion	CHROMOSOME_V:9601001-9605000	4000	0.345168	3533.78	0.00593223	31667.1	1.79916e-13	0
deletion	CHROMOSOME_V:9938001-9940000	2000	0.222764	65700.2	3.4151e-06	1	1	0
deletion	CHROMOSOME_V:10135001-10143000	8000	0.433765	13.6309	2.79474e-13	99.6019	9.4109e-13	0
deletion	CHROMOSOME_V:10268001-10270000	2000	0.110111	18445.6	4.28192e-17	1	1	0
deletion	CHROMOSOME_V:10606001-10610000	4000	0.0781339	23.0589	5.73894e-43	12793.1	3.1849e-22	0
deletion	CHROMOSOME_V:11100001-11103000	3000	0.307267	3286.49	9.73584e-10	1	1	0
deletion	CHROMOSOME_V:12373001-12377000	4000	0.34139	374.46	4.1799e-15	44501.1	0.000331028	0
deletion	CHROMOSOME_V:13037001-13039000	2000	0.258215	49095.5	1.21585e-06	1	1	0
deletion	CHROMOSOME_V:13438001-13441000	3000	0.395094	9080.02	0.0199519	1	1	0
deletion	CHROMOSOME_V:13524001-13529000	5000	0.539893	645.11	0.00520373	10089.5	4.36663	0
deletion	CHROMOSOME_V:13640001-13646000	6000	0.158117	0.224171	2.73606e-53	4.46846	2.59766e-44	0
deletion	CHROMOSOME_V:13882001-13884000	2000	0.242429	31761	4.563e-09	1	1	0
deletion	CHROMOSOME_V:14124001-14126000	2000	0.185554	22760.9	1.11575e-12	1	1	0
deletion	CHROMOSOME_V:14154001-14157000	3000	0.376994	13374.5	0.0131581	1	1	0
deletion	CHROMOSOME_V:14302001-14305000	3000	0.215025	16002.9	0.00344049	1	1	0
deletion	CHROMOSOME_V:14587001-14591000	4000	0.269349	596.658	5.66231e-12	71800	0.127501	0
deletion	CHROMOSOME_V:14912001-14914000	2000	0.304924	57012.5	0.000262423	1	1	0
deletion	CHROMOSOME_V:15022001-15024000	2000	0.381544	13440.4	3.83294e-05	1	1	0
deletion	CHROMOSOME_V:15321001-15323000	2000	0.27187	12606.9	7.48386e-10	1	1	0
deletion	CHROMOSOME_V:15408001-15411000	3000	0.41244	6237.06	3.96013e-06	1	1	0
deletion	CHROMOSOME_V:15555001-15559000	4000	0.263462	245.527	4.61665e-20	16811.1	4.01967e-14	0
deletion	CHROMOSOME_V:15633001-15635000	2000	0.244862	78412.8	0.000306803	1	1	0
deletion	CHROMOSOME_V:15681001-15685000	4000	0.143274	210.227	7.51554e-26	14684.2	3.60991e-19	0
deletion	CHROMOSOME_V:15767001-15769000	2000	0.310213	53206.9	0.000184396	1	1	0
deletion	CHROMOSOME_V:15907001-15910000	3000	0.115093	885.498	4.14532e-26	1	1	0
deletion	CHROMOSOME_V:16106001-16112000	6000	0.279624	62.1736	1.18675e-09	46.5249	1.35226e-32	0
deletion	CHROMOSOME_V:16312001-16314000	2000	0.193785	64722.4	2.72068e-07	1	1	0
deletion	CHROMOSOME_V:16331001-16333000	2000	0.342512	4026.6	1.53182e-07	1	1	0
deletion	CHROMOSOME_V:16547001-16549000	2000	0.237964	42284.6	4.14257e-08	1	1	0
deletion	CHROMOSOME_V:16631001-16633000	2000	0.420606	10861.4	0.000759192	1	1	0
deletion	CHROMOSOME_V:17095001-17098000	3000	0.254835	11660.7	1.78389e-06	1	1	0
deletion	CHROMOSOME_V:17130001-17132000	2000	0.001105	357.422	0	1	1	0
deletion	CHROMOSOME_V:17265001-17267000	2000	0.0228946	7569.92	0	1	1	0
deletion	CHROMOSOME_V:17385001-17394000	9000	0.122647	0.532687	1.85685e-12	13.7176	9.49511e-08	0
deletion	CHROMOSOME_V:17959001-17961000	2000	0.31496	45675.4	6.0179e-05	1	1	0
deletion	CHROMOSOME_V:18048001-18069000	21000	0.497675	1.06658e-07	6.39598e-06	1.96157e-06	0.000158982	0
deletion	CHROMOSOME_V:18117001-18119000	2000	0.332164	54893.5	0.00129859	1	1	0
deletion	CHROMOSOME_V:18427001-18430000	3000	0.193144	8559.78	1.73483e-09	1	1	0
deletion	CHROMOSOME_V:18442001-18444000	2000	0.210212	42477.3	3.42694e-09	1	1	0
deletion	CHROMOSOME_V:18530001-18533000	3000	0.317819	12794.2	3.76764e-07	1	1	0
deletion	CHROMOSOME_V:18764001-18767000	3000	0.299866	13860.5	0.000208069	1	1	0
deletion	CHROMOSOME_V:18882001-18884000	2000	0.367772	8371.15	4.24676e-06	1	1	0
deletion	CHROMOSOME_V:19108001-19112000	4000	0.309258	572.271	5.26749e-17	66763.8	0.000388883	0
deletion	CHROMOSOME_V:19487001-19490000	3000	0.492974	3553.79	0.0100649	1	1	0
duplication	CHROMOSOME_V:19628001-19639000	11000	1.57439	0.0297235	2.53665e-12	0.808675	1.70694e-08	0
deletion	CHROMOSOME_V:19851001-19854000	3000	0.413709	2170.53	2.35358e-06	1	1	0
deletion	CHROMOSOME_V:19950001-19953000	3000	0.230701	5409.13	5.8382e-12	1	1	0
deletion	CHROMOSOME_V:20042001-20045000	3000	0.38317	5817.07	4.4449e-06	1	1	0
deletion	CHROMOSOME_V:20234001-20255000	21000	0.704775	0.0459025	8.40281e-07	0.252747	2.53405e-05	0
deletion	CHROMOSOME_V:20273001-20275000	2000	0.187472	8937.16	2.09995e-14	1	1	0
deletion	CHROMOSOME_V:20434001-20438000	4000	0.158014	37.7967	9.61487e-36	17565.6	1.66145e-13	0
deletion	CHROMOSOME_V:20510001-20514000	4000	0.153631	598.515	1.64201e-18	6723.78	1.40454e-19	0
duplication	CHROMOSOME_X:6001-12000	6000	1.73035	0.0323025	1.83867e-42	24.0181	2.13312e-25	0
deletion	CHROMOSOME_X:53001-59000	6000	0.464125	115.243	4.49066e-10	548.037	0.00083346	0
deletion	CHROMOSOME_X:63001-66000	3000	0.00219383	1.54206	0	1	1	0
deletion	CHROMOSOME_X:112001-114000	2000	0.177475	13233.3	2.43956e-14	1	1	0
deletion	CHROMOSOME_X:142001-147000	5000	0.49818	266.383	0.00623163	14988.5	288.386	0
deletion	CHROMOSOME_X:168001-170000	2000	0.325059	10783.7	1.11463e-07	1	1	0
deletion	CHROMOSOME_X:187001-190000	3000	0.358204	15325.8	0.0129464	1	1	0
deletion	CHROMOSOME_X:288001-290000	2000	0.132927	17591.8	5.07242e-16	1	1	0
deletion	CHROMOSOME_X:316001-322000	6000	0.549896	17.6635	0.000384353	235.991	0.000442956	0
deletion	CHROMOSOME_X:653001-655000	2000	0.252909	1988.68	6.08691e-12	1	1	0
deletion	CHROMOSOME_X:1136001-1141000	5000	0.152264	8.95017	1.93905e-39	197.3	7.67351e-33	0
deletion	CHROMOSOME_X:1234001-1236000	2000	0.293489	38631.4	2.37123e-06	1	1	0
deletion	CHROMOSOME_X:1606001-1610000	4000	0.362481	2268.65	0.00613219	3327.5	1.7939e-14	0
deletion	CHROMOSOME_X:1636001-1639000	3000	0.310532	3296.86	2.24044e-11	1	1	0
deletion	CHROMOSOME_X:1782001-1785000	3000	0.429319	1545.89	2.97632e-08	1	1	0
deletion	CHROMOSOME_X:2003001-2008000	5000	0.169422	152.941	3.4162e-18	11598.1	2.01066e-07	0
deletion	CHROMOSOME_X:2058001-2064000	6000	0.265813	28.9594	1.37179e-22	505.897	7.93002e-18	0
deletion	CHROMOSOME_X:2462001-2466000	4000	0.507762	433.681	0.00112839	51427	1799.89	0
deletion	CHROMOSOME_X:3073001-3078000	5000	0.193085	5.91304	4.67591e-36	629.415	2.65237e-24	0
deletion	CHROMOSOME_X:3363001-3366000	3000	0.254852	9285.87	3.2807e-06	1	1	0
deletion	CHROMOSOME_X:3735001-3737000	2000	0.350914	36012.1	0.00016974	1	1	0
deletion	CHROMOSOME_X:3846001-3848000	2000	0.0314512	5995.03	0	1	1	0
deletion	CHROMOSOME_X:4023001-4056000	33000	0.175955	4.82947e-12	3828.17	5.14105e-12	8690.69	0
deletion	CHROMOSOME_X:4239001-4243000	4000	0.570358	387.057	0.0470907	18677.9	2.64575	0
deletion	CHROMOSOME_X:4741001-4750000	9000	0.0208272	1.85078e-06	2.23189e-105	2.27675e-11	0	0
deletion	CHROMOSOME_X:5045001-5056000	11000	0.144928	0.00121013	3.06944e-54	4.12024e-05	3.74267e-94	0
deletion	CHROMOSOME_X:5227001-5234000	7000	0.387697	137.397	0.00452349	971.482	10.657	0
deletion	CHROMOSOME_X:5284001-5286000	2000	0.24228	15408.7	6.62493e-11	1	1	0
deletion	CHROMOSOME_X:5906001-5916000	10000	0.142529	0.00555915	2.20247e-39	0.00800277	7.19285e-65	0
deletion	CHROMOSOME_X:6826001-6830000	4000	0.0979204	443.634	2.89181e-23	750.062	0	0
deletion	CHROMOSOME_X:7017001-7019000	2000	0.215028	3036.37	9.57659e-14	1	1	0
deletion	CHROMOSOME_X:7351001-7361000	10000	0.0415795	5.28384e-05	1.18458e-71	1.19729e-08	6.62697e-119	0
deletion	CHROMOSOME_X:9185001-9187000	2000	0.106401	37555.7	2.24745e-14	1	1	0
deletion	CHROMOSOME_X:9604001-9608000	4000	0.255094	1115.53	4.42402e-14	3346.93	1.02271e-20	0
deletion	CHROMOSOME_X:10361001-10371000	10000	0.310912	0.100582	5.38704e-20	0.115355	8.16709e-44	0
deletion	CHROMOSOME_X:11311001-11315000	4000	0.384872	2248.21	0.00348219	103443	3161.86	0
deletion	CHROMOSOME_X:11975001-11980000	5000	0.253775	114.646	2.24521e-19	1165.6	1.45077e-23	0
deletion	CHROMOSOME_X:12016001-12018000	2000	0.289969	32503	4.56474e-07	1	1	0
duplication	CHROMOSOME_X:12276001-13216000	940000	2.02006	0	2.871e+09	0	2.871e+09	0
deletion	CHROMOSOME_X:13648001-13650000	2000	0.257651	41973.1	2.21969e-07	1	1	0
deletion	CHROMOSOME_X:13807001-13809000	2000	0.250626	35004.4	2.21617e-08	1	1	0
deletion	CHROMOSOME_X:13972001-13974000	2000	0.360839	57905.6	0.0166454	1	1	0
deletion	CHROMOSOME_X:14119001-14122000	3000	0.372869	11128.8	0.00123805	1	1	0
deletion	CHROMOSOME_X:14135001-14137000	2000	0.439669	10907.9	0.00381402	1	1	0
deletion	CHROMOSOME_X:14362001-14364000	2000	0.139075	14406.4	3.6011e-16	1	1	0
deletion	CHROMOSOME_X:14385001-14390000	5000	0.0832576	16.4457	1.17219e-38	564.489	1.86444e-33	0
deletion	CHROMOSOME_X:14723001-14725000	2000	0.161247	3655	1.51926e-16	1	1	0
deletion	CHROMOSOME_X:15062001-15064000	2000	0.330704	46887.5	0.000261458	1	1	0
deletion	CHROMOSOME_X:15635001-15637000	2000	0.319668	71642.2	0.0116784	1	1	0
deletion	CHROMOSOME_X:15808001-15811000	3000	0.319876	188.322	1.46649e-16	1	1	0
deletion	CHROMOSOME_X:16100001-16102000	2000	0.103725	26250.9	3.23179e-16	1	1	0
deletion	CHROMOSOME_X:16137001-16139000	2000	0.378649	44180.4	0.00599384	1	1	0
deletion	CHROMOSOME_X:16511001-16513000	2000	0.398742	44863	0.0284988	1	1	0
deletion	CHROMOSOME_X:16758001-16761000	3000	0.227353	1398.65	1.14454e-18	1	1	0
deletion	CHROMOSOME_X:16932001-16940000	8000	0.365199	4.45693	5.83567e-17	60.4781	1.54553e-10	0
deletion	CHROMOSOME_X:17218001-17221000	3000	0.297263	877.856	2.25677e-14	1	1	0
deletion	CHROMOSOME_X:17250001-17253000	3000	0.295552	13316.2	5.16e-09	1	1	0
deletion	CHROMOSOME_X:17279001-17284000	5000	0.320734	699.659	3.98507e-11	4736.14	1.56097e-15	0
deletion	CHROMOSOME_X:17688001-17693000	5000	0.323105	642.065	1.62865e-09	13288.8	0.00271768	0
duplication	CHROMOSOME_MtDNA:1-13000	13000	24.6985	0.0143184	0	0.429016	0	0
