deletion	CHROMOSOME_I:185001-189000	4000	0.149963	445.401	6.72451e-12	12435	6.30254e-12	0
deletion	CHROMOSOME_I:339001-341000	2000	0.0963721	12068.6	4.42594e-10	1	1	0
deletion	CHROMOSOME_I:414001-416000	2000	0.288458	31653	0.0237161	1	1	0
deletion	CHROMOSOME_I:676001-680000	4000	0.273382	227.817	4.95176e-13	48533.5	0.0373559	0
deletion	CHROMOSOME_I:728001-730000	2000	0.179071	34489.8	3.47806e-05	1	1	0
deletion	CHROMOSOME_I:1010001-1030000	20000	0.679344	0.0309548	0.000316991	0.114394	0.00626247	0
deletion	CHROMOSOME_I:1117001-1125000	8000	0.208449	0.00259403	7.98675e-34	0.0515067	2.88247e-33	0
deletion	CHROMOSOME_I:1361001-1379000	18000	0.56405	0.0170409	3.23845e-09	0.0752725	3.19541e-07	0
deletion	CHROMOSOME_I:1472001-1475000	3000	0.228571	2998.05	3.45501e-07	1	1	0
deletion	CHROMOSOME_I:1534001-1536000	2000	0.23702	37673.5	0.00263058	1	1	0
deletion	CHROMOSOME_I:1658001-1663000	5000	0.34711	788.486	0.00327577	25085.2	196.066	0
deletion	CHROMOSOME_I:1723001-1725000	2000	0.193435	30658.7	4.43568e-05	1	1	0
deletion	CHROMOSOME_I:1739001-1760000	21000	0.650927	0.046298	0.37979	0.0637295	9.91348e-06	0
deletion	CHROMOSOME_I:1887001-1890000	3000	0.214344	325.89	2.87264e-12	1	1	0
deletion	CHROMOSOME_I:1920001-1922000	2000	0.256929	10154.4	9.53252e-05	1	1	0
deletion	CHROMOSOME_I:1935001-1937000	2000	0.297115	30975	0.0361588	1	1	0
deletion	CHROMOSOME_I:1975001-1978000	3000	0.296672	683.69	5.93296e-08	1	1	0
deletion	CHROMOSOME_I:2129001-2133000	4000	0.36852	39.0834	9.09141e-09	10595.6	0.0272814	0
deletion	CHROMOSOME_I:2213001-2216000	3000	0.234654	760.186	4.42929e-11	1	1	0
deletion	CHROMOSOME_I:2365001-2369000	4000	0.356199	773.363	1.12353e-05	20930.7	0.000117519	0
deletion	CHROMOSOME_I:2459001-2463000	4000	0.466586	1108.92	0.0309971	59753	9433.6	0
deletion	CHROMOSOME_I:3390001-3394000	4000	0.404453	120.85	2.00898e-05	5635.98	0.0580798	0
deletion	CHROMOSOME_I:3485001-3488000	3000	0.166553	2776.67	3.30492e-11	1	1	0
deletion	CHROMOSOME_I:3491001-3493000	2000	0.260462	27168.2	0.00206228	1	1	0
deletion	CHROMOSOME_I:3553001-3555000	2000	0.242926	25432.9	0.000489905	1	1	0
deletion	CHROMOSOME_I:3664001-3666000	2000	0.0901012	30471	2.38568e-08	1	1	0
deletion	CHROMOSOME_I:3761001-3766000	5000	0.22337	161.63	2.85804e-10	9245.1	0.0113987	0
deletion	CHROMOSOME_I:3980001-3982000	2000	0.280844	20709.9	0.00277937	1	1	0
deletion	CHROMOSOME_I:4281001-4294000	13000	0.0269294	8.5816e-11	3.16412e-89	1.44884e-11	2.85742e-115	0
deletion	CHROMOSOME_I:4341001-4358000	17000	0.0230209	9.37485e-12	4.65078e-78	1.06248e-11	5.09901e-172	0
deletion	CHROMOSOME_I:4573001-4575000	2000	0.254756	44714.5	0.0236294	1	1	0
deletion	CHROMOSOME_I:4959001-4962000	3000	0.401301	340.688	4.06622e-05	1	1	0
deletion	CHROMOSOME_I:5638001-5643000	5000	0.360479	19.3868	1.80332e-12	3068.74	0.000545579	0
deletion	CHROMOSOME_I:6590001-6592000	2000	0.258131	5742.09	4.86778e-05	1	1	0
deletion	CHROMOSOME_I:6603001-6605000	2000	0.228675	5450.99	5.00184e-06	1	1	0
deletion	CHROMOSOME_I:7868001-7870000	2000	0.252404	31219.2	0.002379	1	1	0
deletion	CHROMOSOME_I:8131001-8133000	2000	0.207701	58203.9	0.0147321	1	1	0
deletion	CHROMOSOME_I:8619001-8623000	4000	0.170914	1074.36	2.33256e-07	5417.87	4.86215e-14	0
deletion	CHROMOSOME_I:9346001-9349000	3000	0.207122	1518.17	9.07179e-10	1	1	0
deletion	CHROMOSOME_I:9679001-9683000	4000	0.118295	382.417	1.95909e-13	7154.89	5.10196e-13	0
deletion	CHROMOSOME_I:9817001-9823000	6000	0.203119	65.8606	2.15226e-09	2979.45	0.00236923	0
deletion	CHROMOSOME_I:10204001-10221000	17000	0.162028	0.000125209	1.60365e+07	0.000779663	2.95229e+07	0
deletion	CHROMOSOME_I:10271001-10277000	6000	0.210865	23.6914	1.86156e-09	57.9549	1.66725e-21	0
deletion	CHROMOSOME_I:10528001-10530000	2000	0.169675	13434.8	2.48937e-07	1	1	0
deletion	CHROMOSOME_I:10852001-10855000	3000	0.0386006	317.912	2.35789e-21	1	1	0
deletion	CHROMOSOME_I:11170001-11172000	2000	0.171176	31558.6	1.1375e-05	1	1	0
deletion	CHROMOSOME_I:11228001-11232000	4000	0.298263	2028	0.000658989	19089.9	7.73988e-09	0
deletion	CHROMOSOME_I:11480001-11482000	2000	0.0760852	153.864	3.24223e-12	1	1	0
deletion	CHROMOSOME_I:11849001-11852000	3000	0.169676	3472.41	4.42929e-11	1	1	0
deletion	CHROMOSOME_I:12037001-12039000	2000	0.235405	41519.1	0.00451229	1	1	0
deletion	CHROMOSOME_I:12191001-12194000	3000	0.291783	5738.73	6.64245e-05	1	1	0
deletion	CHROMOSOME_I:12754001-12758000	4000	0.441194	1910.24	0.00601329	98302.6	4155.02	0
deletion	CHROMOSOME_I:12840001-12842000	2000	0.250683	47454.5	0.0287063	1	1	0
deletion	CHROMOSOME_I:13016001-13019000	3000	0.0857238	239.311	2.23368e-19	1	1	0
deletion	CHROMOSOME_I:13220001-13227000	7000	0.499801	8.39761	0.000242984	82.2327	1.31997	0
deletion	CHROMOSOME_I:13266001-13270000	4000	0.399928	1397.14	0.000204733	41524.5	0.031512	0
deletion	CHROMOSOME_I:13404001-13408000	4000	0.0704157	220.019	3.88521e-18	1109.28	1.7834e-15	0
deletion	CHROMOSOME_I:13610001-13615000	5000	0.0208364	0.020461	3.27943e-45	113.944	1.23792e-23	0
deletion	CHROMOSOME_I:13740001-13742000	2000	0.0253449	7525.96	2.1234e-13	1	1	0
deletion	CHROMOSOME_I:13933001-13937000	4000	0.315224	5.02571	1.12481e-14	10012	0.00137548	0
deletion	CHROMOSOME_I:14092001-14096000	4000	0.359609	2505.3	0.0111778	29133.7	9.40055e-06	0
deletion	CHROMOSOME_I:14452001-14457000	5000	0.282428	28.0132	3.58654e-15	2177.15	8.40654e-08	0
deletion	CHROMOSOME_I:14685001-14687000	2000	0.248716	30864.1	0.00177492	1	1	0
deletion	CHROMOSOME_I:14885001-14891000	6000	0.0144189	0.000149975	7.38002e-57	0.0733415	9.82436e-38	0
duplication	CHROMOSOME_I:15060001-15073000	13000	51.9328	0.0457233	0	0.0245913	0	0
deletion	CHROMOSOME_II:16001-18000	2000	0.0108608	3547.58	1.59152e-14	1	1	0
deletion	CHROMOSOME_II:140001-146000	6000	0.280992	29.8642	2.24765e-12	943.261	2.43873e-05	0
deletion	CHROMOSOME_II:478001-481000	3000	0.272253	11020.3	0.000216967	1	1	0
deletion	CHROMOSOME_II:784001-786000	2000	0.18983	68861.4	0.0343216	1	1	0
deletion	CHROMOSOME_II:851001-858000	7000	0.0762233	0.0059899	2.39654e-47	0.112509	2.28364e-43	0
deletion	CHROMOSOME_II:864001-866000	2000	0.186229	149.523	5.80181e-08	1	1	0
deletion	CHROMOSOME_II:894001-896000	2000	0.171667	8014.55	9.25914e-08	1	1	0
deletion	CHROMOSOME_II:1076001-1081000	5000	0.0251053	0.0762145	7.58126e-44	95.5789	2.82648e-24	0
deletion	CHROMOSOME_II:1363001-1366000	3000	0.224269	3178.69	3.47803e-07	1	1	0
deletion	CHROMOSOME_II:1451001-1459000	8000	0.182738	0.0120717	1.79157e-32	1.16494	3.58454e-22	0
deletion	CHROMOSOME_II:1511001-1514000	3000	0.314372	3872.38	3.61705e-06	1	1	0
deletion	CHROMOSOME_II:1564001-1567000	3000	0.33938	309.017	5.11061e-07	1	1	0
deletion	CHROMOSOME_II:1797001-1799000	2000	0.132683	40020.1	4.51695e-06	1	1	0
deletion	CHROMOSOME_II:1809001-1811000	2000	0.11192	23599.6	2.55369e-08	1	1	0
deletion	CHROMOSOME_II:1950001-1953000	3000	0.279668	781.081	1.15435e-08	1	1	0
deletion	CHROMOSOME_II:1961001-1987000	26000	0.0296993	6.12971e-12	7.9964e-150	6.64052e-12	1.59329e-249	0
deletion	CHROMOSOME_II:2002001-2010000	8000	0.00866457	6.37689e-08	4.51004e-77	1.06248e-10	1.49278e-63	0
deletion	CHROMOSOME_II:2267001-2270000	3000	0.307746	2630.49	1.07334e-05	1	1	0
deletion	CHROMOSOME_II:2497001-2499000	2000	0.218201	13142.4	9.55862e-06	1	1	0
deletion	CHROMOSOME_II:2593001-2600000	7000	0.0207547	2.60292e-05	1.6994e-63	0.00181125	2.7613e-48	0
deletion	CHROMOSOME_II:2980001-2983000	3000	0.23299	8180.39	4.11132e-05	1	1	0
deletion	CHROMOSOME_II:3024001-3034000	10000	0.623703	13.1955	0.0417553	117.695	6.14011	0
deletion	CHROMOSOME_II:3160001-3169000	9000	0.0663451	0.00448732	1.72842e-32	0.000307252	1.88951e-57	0
deletion	CHROMOSOME_II:3226001-3229000	3000	0.147222	4163.45	5.16799e-09	1	1	0
deletion	CHROMOSOME_II:3939001-3947000	8000	0.102897	0.0300256	8.15221e-39	0.0501385	4.73367e-44	0
deletion	CHROMOSOME_II:4051001-4054000	3000	0.184592	5188.92	1.10034e-07	1	1	0
deletion	CHROMOSOME_II:4641001-4645000	4000	0.484244	266.446	0.000551914	34245.4	60.581	0
deletion	CHROMOSOME_II:4897001-4899000	2000	0.215717	13397	8.33729e-06	1	1	0
deletion	CHROMOSOME_II:4927001-4930000	3000	0.229317	8289.35	9.04413e-05	1	1	0
deletion	CHROMOSOME_II:5073001-5078000	5000	0.27134	389.471	0.00112077	162.059	4.2265e-18	0
deletion	CHROMOSOME_II:6068001-6071000	3000	0.2731	2836	3.27648e-07	1	1	0
deletion	CHROMOSOME_II:6074001-6077000	3000	0.101318	144.133	4.02019e-19	1	1	0
deletion	CHROMOSOME_II:6571001-6573000	2000	0.194904	13931	1.9331e-06	1	1	0
deletion	CHROMOSOME_II:6795001-6798000	3000	0.131733	631.026	1.70225e-15	1	1	0
deletion	CHROMOSOME_II:6982001-6986000	4000	0.265177	821.737	3.61606e-05	15151.6	3.67029e-06	0
deletion	CHROMOSOME_II:8240001-8242000	2000	0.165729	48631	0.000222917	1	1	0
deletion	CHROMOSOME_II:8975001-8978000	3000	0.332661	5452.08	0.000168467	1	1	0
deletion	CHROMOSOME_II:9202001-9204000	2000	0.12008	6141.2	8.0034e-10	1	1	0
deletion	CHROMOSOME_II:9567001-9569000	2000	0.13423	23793.6	1.49978e-07	1	1	0
deletion	CHROMOSOME_II:9632001-9635000	3000	0.152816	5172.16	2.17024e-07	1	1	0
deletion	CHROMOSOME_II:9808001-9826000	18000	0.0540627	6.99468e-10	4.50494e-22	9.96078e-12	2.36542e-147	0
deletion	CHROMOSOME_II:10337001-10339000	2000	0	1109.28	1.7834e-15	1	1	0
deletion	CHROMOSOME_II:10380001-10382000	2000	0.251986	26350.4	0.00103984	1	1	0
deletion	CHROMOSOME_II:11122001-11124000	2000	0.177258	36010.5	4.1319e-05	1	1	0
deletion	CHROMOSOME_II:11505001-11509000	4000	0.391526	765.691	0.000203716	9630.52	0.000255998	0
deletion	CHROMOSOME_II:11527001-11531000	4000	0.313677	734.176	1.77174e-06	46068.5	0.00403645	0
deletion	CHROMOSOME_II:11955001-11958000	3000	0.175447	51.4832	8.76075e-16	1	1	0
deletion	CHROMOSOME_II:12285001-12287000	2000	0.226864	34501.8	0.000810881	1	1	0
deletion	CHROMOSOME_II:12315001-12318000	3000	0.30705	4449.6	2.71402e-05	1	1	0
deletion	CHROMOSOME_II:12649001-12652000	3000	0.193063	2177.13	2.59746e-09	1	1	0
deletion	CHROMOSOME_II:13430001-13433000	3000	0.00723827	7.81242	1.74188e-26	1	1	0
deletion	CHROMOSOME_II:13650001-13652000	2000	0.213081	25923	7.06999e-05	1	1	0
deletion	CHROMOSOME_II:13657001-13659000	2000	0.306238	25113.4	0.0269991	1	1	0
deletion	CHROMOSOME_II:14021001-14030000	9000	0.441049	3.57687	8.44182e-08	24.2972	0.000398221	0
deletion	CHROMOSOME_II:14324001-14337000	13000	0.147335	0.00204954	0.0567562	0.0827649	2.51644	0
deletion	CHROMOSOME_II:14688001-14693000	5000	0.0130329	0.0263293	3.95913e-45	142.284	1.38603e-23	0
deletion	CHROMOSOME_II:14741001-14743000	2000	0.155871	53265.5	0.000296373	1	1	0
deletion	CHROMOSOME_II:14761001-14769000	8000	0.435705	3.53611	0.000200828	5.09431	2.9334e-13	0
deletion	CHROMOSOME_II:14877001-14880000	3000	0.263655	5147.33	1.9759e-06	1	1	0
deletion	CHROMOSOME_II:14977001-14981000	4000	0.366758	3241.13	0.0332764	50399.7	0.000751028	0
deletion	CHROMOSOME_II:14991001-14995000	4000	0.207767	460.355	4.60326e-11	33869.5	3.67869e-07	0
deletion	CHROMOSOME_II:15054001-15075000	21000	0.7636	0.0240747	0.427439	0.194933	3.68802	0
deletion	CHROMOSOME_II:15095001-15097000	2000	0.0905047	1199.34	1.64233e-11	1	1	0
deletion	CHROMOSOME_II:15137001-15143000	6000	0.169218	9.39073	4.21754e-16	85.9988	2.24025e-21	0
deletion	CHROMOSOME_III:97001-106000	9000	0.179899	0.0183381	1.15023e-36	0.857945	1.40949e-26	0
deletion	CHROMOSOME_III:233001-235000	2000	0.315073	17640.5	0.0160663	1	1	0
deletion	CHROMOSOME_III:273001-277000	4000	0.225607	976.554	8.05398e-09	4828.05	3.00548e-12	0
deletion	CHROMOSOME_III:290001-292000	2000	0.315702	23905.4	0.0406724	1	1	0
deletion	CHROMOSOME_III:316001-334000	18000	0.199102	1.086e-06	1.36763e-33	3.4663e-06	6.89318e-29	0
deletion	CHROMOSOME_III:388001-398000	10000	0.157702	0.00638439	4.64168e-30	0.000159539	1.20481e-61	0
deletion	CHROMOSOME_III:424001-428000	4000	0.124003	85.1038	3.4048e-20	19969.6	6.77614e-10	0
deletion	CHROMOSOME_III:588001-591000	3000	0.184552	1257.87	2.45112e-12	1	1	0
deletion	CHROMOSOME_III:1089001-1091000	2000	0	1109.28	1.7834e-15	1	1	0
deletion	CHROMOSOME_III:1118001-1124000	6000	0.298127	128.935	0.0185841	3418.96	99.7176	0
deletion	CHROMOSOME_III:1363001-1370000	7000	0.125967	0.0985625	4.81903e-35	23.2517	1.54926e-22	0
deletion	CHROMOSOME_III:1480001-1483000	3000	0.234617	367.363	1.03618e-11	1	1	0
deletion	CHROMOSOME_III:1561001-1578000	17000	0.665666	0.0337309	6.53735e-06	0.385703	0.000345195	0
deletion	CHROMOSOME_III:2078001-2082000	4000	0.00117837	0.000844074	2.88736e-39	763.26	2.87917e-15	0
deletion	CHROMOSOME_III:2119001-2121000	2000	0.193711	4259.31	2.51596e-07	1	1	0
deletion	CHROMOSOME_III:2761001-2766000	5000	0.447043	202.673	0.0251903	11008.1	666.734	0
deletion	CHROMOSOME_III:3334001-3337000	3000	0.060905	354.567	5.08635e-21	1	1	0
deletion	CHROMOSOME_III:3385001-3387000	2000	0.182827	28970.9	1.54045e-05	1	1	0
deletion	CHROMOSOME_III:3859001-3861000	2000	0.214318	21761.6	3.58685e-05	1	1	0
deletion	CHROMOSOME_III:3895001-3898000	3000	0.222528	2728.42	1.3664e-07	1	1	0
deletion	CHROMOSOME_III:4254001-4257000	3000	0.293225	3633.07	0.000216967	1	1	0
deletion	CHROMOSOME_III:4749001-4753000	4000	0.417637	431.865	1.18346e-05	30375.1	0.268624	0
deletion	CHROMOSOME_III:6567001-6577000	10000	0.174773	0.168005	2.45028e-05	6.02813	0.0159581	0
deletion	CHROMOSOME_III:6659001-6665000	6000	0.329559	8.39917	2.38406e-16	359.079	7.39561e-11	0
deletion	CHROMOSOME_III:6982001-6986000	4000	0.43879	297.822	0.0003043	8946.03	18.6228	0
deletion	CHROMOSOME_III:6998001-7001000	3000	0.0643706	718.115	2.29044e-18	1	1	0
deletion	CHROMOSOME_III:7405001-7443000	38000	0.0312212	4.19401e-12	4.78991e-167	4.42701e-12	8.54644e-158	0
deletion	CHROMOSOME_III:7448001-7452000	4000	0.0533877	10.1399	6.21691e-30	7363.31	1.76021e-12	0
deletion	CHROMOSOME_III:7595001-7605000	10000	0.419374	1.37143	4.08458e-05	15.479	0.0240173	0
duplication	CHROMOSOME_III:8337001-8353000	16000	1.85517	0.0352272	4.06387e+06	0.482658	9.22734e+06	0
deletion	CHROMOSOME_III:10267001-10269000	2000	0.315069	24180.8	0.0406724	1	1	0
deletion	CHROMOSOME_III:11429001-11437000	8000	0.353524	2.91889	3.8284e-07	18.4438	2.20448e-07	0
deletion	CHROMOSOME_III:11594001-11602000	8000	0.0314187	2.65162e-06	2.27555e-71	0.00317179	2.4117e-51	0
deletion	CHROMOSOME_III:11642001-11648000	6000	0.198686	100.26	2.1383e-07	1001.09	2.7272e-08	0
deletion	CHROMOSOME_III:11734001-11737000	3000	0.247583	17.3376	8.71405e-13	1	1	0
deletion	CHROMOSOME_III:11964001-11968000	4000	0.36971	76.5248	7.99314e-08	33645.6	15.1487	0
deletion	CHROMOSOME_III:12007001-12009000	2000	0.237244	13988.7	4.50119e-05	1	1	0
deletion	CHROMOSOME_III:12072001-12074000	2000	0.280433	4646.73	0.000207248	1	1	0
deletion	CHROMOSOME_III:12265001-12268000	3000	0.381121	3496.38	0.000285984	1	1	0
deletion	CHROMOSOME_III:12476001-12479000	3000	0.219474	1156.08	1.87454e-11	1	1	0
deletion	CHROMOSOME_III:12646001-12649000	3000	0.352493	1193.38	4.88291e-05	1	1	0
deletion	CHROMOSOME_III:12698001-12709000	11000	0.539755	0.223139	1.48502e-07	4.3319	0.000135793	0
deletion	CHROMOSOME_III:12865001-12867000	2000	0.211199	58076	0.0174967	1	1	0
deletion	CHROMOSOME_III:13075001-13086000	11000	0.0109931	1.44884e-11	5.28086e-115	3.54161e-11	1.65973e-92	0
deletion	CHROMOSOME_III:13531001-13536000	5000	0.458587	587.837	0.0467094	3460.49	0.00132795	0
deletion	CHROMOSOME_III:13593001-13601000	8000	0.103807	0.0091411	5.88987e-36	0.0191055	1.2411e-44	0
deletion	CHROMOSOME_III:13610001-13613000	3000	0.213799	175.72	3.87112e-13	1	1	0
deletion	CHROMOSOME_IV:349001-351000	2000	0.188094	55386.9	0.00297824	1	1	0
deletion	CHROMOSOME_IV:508001-513000	5000	0.00983202	0.00578183	4.40228e-47	60.3311	9.32009e-25	0
deletion	CHROMOSOME_IV:689001-698000	9000	0.000302207	1.77081e-11	1.16978e-99	2.27675e-11	1.42808e-75	0
deletion	CHROMOSOME_IV:702001-707000	5000	0.0144148	0.0503886	4.29682e-44	193.182	5.79564e-23	0
deletion	CHROMOSOME_IV:810001-814000	4000	0.489587	39.8186	7.07724e-05	30325.2	450.763	0
deletion	CHROMOSOME_IV:890001-912000	22000	0.0559183	7.24421e-12	2.49887e-102	7.96863e-12	2.16526e-201	0
deletion	CHROMOSOME_IV:985001-988000	3000	0.355247	1511.31	7.14848e-05	1	1	0
deletion	CHROMOSOME_IV:1018001-1023000	5000	0.610206	2.35408	0.0202118	1026.86	196.066	0
deletion	CHROMOSOME_IV:1270001-1273000	3000	0.201002	5408.68	4.31935e-08	1	1	0
deletion	CHROMOSOME_IV:1280001-1282000	2000	0.0981623	15873.4	2.43961e-11	1	1	0
deletion	CHROMOSOME_IV:1440001-1442000	2000	0.154623	9768.46	3.38548e-08	1	1	0
deletion	CHROMOSOME_IV:1703001-1706000	3000	0.169117	457.102	6.16194e-15	1	1	0
deletion	CHROMOSOME_IV:1809001-1817000	8000	0.492406	9.66375	0.000131861	103.196	0.284836	0
deletion	CHROMOSOME_IV:2368001-2372000	4000	0.215818	1490.75	0.000203526	33995	8.17303e-08	0
deletion	CHROMOSOME_IV:2405001-2408000	3000	0.211832	3995.18	2.2748e-07	1	1	0
deletion	CHROMOSOME_IV:2484001-2487000	3000	0.271524	3777.04	6.01334e-08	1	1	0
deletion	CHROMOSOME_IV:2513001-2518000	5000	0.561208	67.0239	0.00285773	7340.69	180.645	0
deletion	CHROMOSOME_IV:2574001-2576000	2000	0.0403603	9567.67	1.00337e-13	1	1	0
deletion	CHROMOSOME_IV:3149001-3151000	2000	0.265133	574.647	3.36692e-05	1	1	0
deletion	CHROMOSOME_IV:3206001-3210000	4000	0.346989	3061.49	0.0032149	51602.6	0.000269068	0
deletion	CHROMOSOME_IV:3315001-3320000	5000	0.250066	22.3555	3.99997e-18	3197.95	2.21028e-07	0
deletion	CHROMOSOME_IV:3498001-3502000	4000	0.200298	1100.33	2.48092e-06	31292	2.55434e-08	0
deletion	CHROMOSOME_IV:4416001-4422000	6000	0.263446	84.3312	4.51811e-07	290.198	3.36666e-14	0
deletion	CHROMOSOME_IV:4823001-4825000	2000	0.154324	28815.2	1.96658e-06	1	1	0
deletion	CHROMOSOME_IV:4881001-4883000	2000	0.269577	16149.3	0.000631595	1	1	0
deletion	CHROMOSOME_IV:4921001-4928000	7000	0.157747	0.551752	1.69592e-29	57.1164	1.41863e-18	0
deletion	CHROMOSOME_IV:5298001-5302000	4000	0.349348	1798.28	1.95851e-08	85731.2	7.49858	0
deletion	CHROMOSOME_IV:5510001-5512000	2000	0.156937	40269.4	2.45459e-05	1	1	0
deletion	CHROMOSOME_IV:5561001-5564000	3000	0.266869	10368.1	5.12351e-05	1	1	0
deletion	CHROMOSOME_IV:5772001-5775000	3000	0.128422	2882.78	8.0774e-11	1	1	0
deletion	CHROMOSOME_IV:6318001-6321000	3000	0.343379	313.691	8.63545e-07	1	1	0
deletion	CHROMOSOME_IV:6348001-6353000	5000	0.43037	24.889	4.63797e-09	4036.23	0.060675	0
deletion	CHROMOSOME_IV:6664001-6676000	12000	0.39574	0.793892	0.0455951	2.35498	0.00208283	0
deletion	CHROMOSOME_IV:6683001-6729000	46000	0.157656	3.46462e-12	122.333	3.6221e-12	255.858	0
deletion	CHROMOSOME_IV:8072001-8074000	2000	0.111767	39388.5	9.19159e-07	1	1	0
deletion	CHROMOSOME_IV:8256001-8259000	3000	0.283818	2616.13	3.45501e-07	1	1	0
deletion	CHROMOSOME_IV:8401001-8404000	3000	0.228142	2850.71	1.93078e-09	1	1	0
deletion	CHROMOSOME_IV:8466001-8472000	6000	0.328308	316.638	0.0301853	99.1244	5.66106e-21	0
deletion	CHROMOSOME_IV:9059001-9061000	2000	0.212786	13408.7	6.71649e-06	1	1	0
deletion	CHROMOSOME_IV:9066001-9068000	2000	0.251205	13552.4	0.000113423	1	1	0
deletion	CHROMOSOME_IV:9409001-9414000	5000	0.222747	250.378	7.29925e-09	5947.81	3.01445e-06	0
deletion	CHROMOSOME_IV:9685001-9687000	2000	0.191885	30099	3.58685e-05	1	1	0
deletion	CHROMOSOME_IV:10322001-10324000	2000	0.292362	11451.9	0.00142098	1	1	0
deletion	CHROMOSOME_IV:11302001-11304000	2000	0.271678	16897.4	0.000822944	1	1	0
deletion	CHROMOSOME_IV:11419001-11421000	2000	0.093067	5838.54	6.8696e-11	1	1	0
deletion	CHROMOSOME_IV:11611001-11615000	4000	0.00527949	0.0194883	1.84859e-38	1168.06	3.70488e-15	0
deletion	CHROMOSOME_IV:11660001-11662000	2000	0.271108	16381.7	0.000728188	1	1	0
deletion	CHROMOSOME_IV:12022001-12026000	4000	0.0651852	2.03591	1.44179e-31	8631.71	6.31506e-12	0
deletion	CHROMOSOME_IV:12248001-12251000	3000	0.230168	1794.29	2.04186e-09	1	1	0
deletion	CHROMOSOME_IV:12254001-12258000	4000	0.284496	1547.6	0.00407691	39587.5	0.00228751	0
deletion	CHROMOSOME_IV:12321001-12326000	5000	0.348101	445.557	0.000304347	14755.5	47.1232	0
deletion	CHROMOSOME_IV:12510001-12512000	2000	0.00145619	471.181	2.39808e-15	1	1	0
deletion	CHROMOSOME_IV:12929001-12933000	4000	0.47815	755.303	0.023469	73713.1	8208.5	0
deletion	CHROMOSOME_IV:13043001-13045000	2000	0.276949	14905.2	0.000854848	1	1	0
deletion	CHROMOSOME_IV:13292001-13297000	5000	0.274438	319.245	7.43771e-06	14823.7	5.08249	0
deletion	CHROMOSOME_IV:13436001-13439000	3000	0.0730354	705.235	3.4537e-18	1	1	0
deletion	CHROMOSOME_IV:13462001-13465000	3000	0.200908	1756.36	3.34057e-11	1	1	0
deletion	CHROMOSOME_IV:13734001-13741000	7000	0.303408	3.8466	2.87811e-10	265.916	7.71565e-05	0
deletion	CHROMOSOME_IV:13814001-13818000	4000	0.275581	4241.03	0.00651964	4426.04	2.69766e-14	0
deletion	CHROMOSOME_IV:13930001-13934000	4000	0.0447365	6.22101	1.31775e-30	2322.68	1.91277e-14	0
deletion	CHROMOSOME_IV:14012001-14014000	2000	0.219692	16352.3	1.93951e-05	1	1	0
deletion	CHROMOSOME_IV:14234001-14237000	3000	0.242054	3014.95	7.73282e-07	1	1	0
deletion	CHROMOSOME_IV:14476001-14482000	6000	0.221771	15.4985	9.04111e-10	9.23743	4.48553e-25	0
deletion	CHROMOSOME_IV:14545001-14547000	2000	0.227977	30765	0.000456294	1	1	0
deletion	CHROMOSOME_IV:15075001-15083000	8000	0.142188	0.123437	5.10614e-21	0.0898906	3.58825e-42	0
deletion	CHROMOSOME_IV:15342001-15345000	3000	0.2398	7152.76	0.000130646	1	1	0
deletion	CHROMOSOME_IV:15373001-15377000	4000	0.20817	1021.33	2.44942e-08	53713.4	0.000184416	0
deletion	CHROMOSOME_IV:15484001-15486000	2000	0.12143	34588.2	6.31711e-07	1	1	0
deletion	CHROMOSOME_IV:15596001-15601000	5000	0.255502	104.114	2.07744e-11	1050.73	2.809e-14	0
deletion	CHROMOSOME_IV:15652001-15655000	3000	0.384286	2435.45	0.000147986	1	1	0
deletion	CHROMOSOME_IV:15708001-15710000	2000	0.0729205	13802.1	9.08964e-11	1	1	0
deletion	CHROMOSOME_IV:16127001-16130000	3000	0.189827	1916.65	1.19539e-11	1	1	0
deletion	CHROMOSOME_IV:16153001-16155000	2000	0.257744	4002.47	3.49654e-05	1	1	0
deletion	CHROMOSOME_IV:16843001-16845000	2000	0.262985	20731.7	0.000854323	1	1	0
deletion	CHROMOSOME_IV:16879001-16884000	5000	0.278801	413.416	4.16875e-09	9834.14	0.0028764	0
deletion	CHROMOSOME_IV:17006001-17008000	2000	0.138262	50541.1	5.78574e-05	1	1	0
deletion	CHROMOSOME_V:739001-742000	3000	0.237097	4710.02	8.03816e-09	1	1	0
deletion	CHROMOSOME_V:766001-771000	5000	0.0125694	0.00523447	2.06271e-47	59.2513	5.91393e-25	0
deletion	CHROMOSOME_V:1107001-1111000	4000	0.366156	867.432	0.0012259	49866.8	0.895227	0
deletion	CHROMOSOME_V:1215001-1218000	3000	0.0855474	406.473	1.98173e-18	1	1	0
deletion	CHROMOSOME_V:1254001-1259000	5000	0.134952	4.43273	1.58275e-24	110.592	4.52796e-20	0
deletion	CHROMOSOME_V:1330001-1332000	2000	0.342497	4335.72	0.0148481	1	1	0
deletion	CHROMOSOME_V:1560001-1562000	2000	0.297006	2404.31	0.000477864	1	1	0
deletion	CHROMOSOME_V:1832001-1838000	6000	0.351796	177.979	0.000897657	3081.66	13.2257	0
deletion	CHROMOSOME_V:2346001-2563000	217000	0.441513	7.34436e-13	0	7.41268e-13	0	0
deletion	CHROMOSOME_V:3251001-3253000	2000	0.190624	54563.2	0.00297824	1	1	0
deletion	CHROMOSOME_V:3325001-3331000	6000	0.0740443	0.85085	1.60845e-30	2.13732	4.23976e-34	0
deletion	CHROMOSOME_V:3434001-3441000	7000	0.145296	0.987872	1.90451e-21	4.98574	1.24126e-30	0
deletion	CHROMOSOME_V:3520001-3522000	2000	0.0844293	15097.3	3.41482e-10	1	1	0
deletion	CHROMOSOME_V:3590001-3592000	2000	0.235203	43863.1	0.00656141	1	1	0
deletion	CHROMOSOME_V:4026001-4031000	5000	0.34474	82.1257	1.69149e-06	1150.92	4.92137e-08	0
deletion	CHROMOSOME_V:4244001-4248000	4000	0.473124	701.378	0.00653875	34780.7	6.97306	0
deletion	CHROMOSOME_V:4333001-4337000	4000	0.176145	738.56	4.82918e-12	6003.83	9.61916e-15	0
deletion	CHROMOSOME_V:5415001-5418000	3000	0.296193	6249.26	0.00465985	1	1	0
deletion	CHROMOSOME_V:5638001-5642000	4000	0.204984	183.618	1.22797e-13	1115.56	1.23297e-07	0
deletion	CHROMOSOME_V:6070001-6095000	25000	0.0792071	6.3749e-12	2.25163e-174	6.92924e-12	1.00217e-159	0
deletion	CHROMOSOME_V:6177001-6182000	5000	0.399438	389.312	0.0126818	6547.44	0.0013289	0
deletion	CHROMOSOME_V:6369001-6372000	3000	0.238242	7110.5	0.0018023	1	1	0
deletion	CHROMOSOME_V:6571001-6574000	3000	0.264145	257.584	2.76192e-10	1	1	0
deletion	CHROMOSOME_V:6938001-6942000	4000	0.179038	340.08	5.92731e-14	38717	6.43764e-06	0
deletion	CHROMOSOME_V:7442001-7445000	3000	0.312536	2693.5	1.19591e-06	1	1	0
deletion	CHROMOSOME_V:7718001-7721000	3000	0.0899542	420.079	3.78679e-18	1	1	0
deletion	CHROMOSOME_V:7912001-7925000	13000	0.247542	0.0172458	0.000349701	0.088164	0.0339248	0
deletion	CHROMOSOME_V:8328001-8331000	3000	0.343334	606.158	4.02682e-06	1	1	0
deletion	CHROMOSOME_V:8346001-8348000	2000	0.308776	11004.1	0.00403645	1	1	0
deletion	CHROMOSOME_V:8381001-8383000	2000	0.283448	20057.7	0.00297824	1	1	0
deletion	CHROMOSOME_V:8700001-8703000	3000	0.228644	2550.67	4.12181e-09	1	1	0
deletion	CHROMOSOME_V:8706001-8710000	4000	0.0338127	14.6706	1.7083e-29	829.518	3.88073e-15	0
duplication	CHROMOSOME_V:9305001-9311000	6000	2.01561	0.00373734	4.14949e-61	1.19037	2.61055e-38	0
deletion	CHROMOSOME_V:9429001-9434000	5000	0.0369694	0.0579432	4.17893e-42	2.06182	2.09798e-25	0
deletion	CHROMOSOME_V:9602001-9605000	3000	0.168978	3886.87	2.37042e-08	1	1	0
deletion	CHROMOSOME_V:9938001-9940000	2000	0.215113	61887	0.0406724	1	1	0
deletion	CHROMOSOME_V:10135001-10143000	8000	0.41069	10.5168	9.64862e-06	59.6196	5.92705e-09	0
deletion	CHROMOSOME_V:10268001-10270000	2000	0.0678049	13868.9	5.92316e-11	1	1	0
deletion	CHROMOSOME_V:10605001-10610000	5000	0.17362	337.798	0.00112077	361.566	1.1187e-20	0
deletion	CHROMOSOME_V:11100001-11103000	3000	0.301055	3795.19	0.000383224	1	1	0
deletion	CHROMOSOME_V:12373001-12377000	4000	0.362995	522.854	9.0508e-05	27373.9	0.353205	0
deletion	CHROMOSOME_V:13124001-13126000	2000	0.0992907	4464.52	8.45382e-11	1	1	0
deletion	CHROMOSOME_V:13640001-13646000	6000	0.111154	0.196162	4.86989e-37	0.482144	7.15347e-33	0
deletion	CHROMOSOME_V:14108001-14110000	2000	0.110494	376.779	8.29716e-11	1	1	0
deletion	CHROMOSOME_V:14124001-14126000	2000	0.147887	18109.5	1.23297e-07	1	1	0
deletion	CHROMOSOME_V:14303001-14305000	2000	0.0298563	2614.84	7.73687e-14	1	1	0
deletion	CHROMOSOME_V:14587001-14591000	4000	0.261643	971.258	0.000235419	89299.8	822.125	0
deletion	CHROMOSOME_V:14741001-14744000	3000	0.364484	7713.69	0.0023841	1	1	0
deletion	CHROMOSOME_V:15022001-15024000	2000	0.33701	6504	0.013911	1	1	0
deletion	CHROMOSOME_V:15321001-15323000	2000	0.186354	30739.7	2.772e-05	1	1	0
deletion	CHROMOSOME_V:15408001-15411000	3000	0.43482	1692.34	0.0139177	1	1	0
deletion	CHROMOSOME_V:15555001-15559000	4000	0.240422	133.915	5.75265e-13	2393.21	1.421e-08	0
deletion	CHROMOSOME_V:15633001-15635000	2000	0.201748	64336.1	0.0299207	1	1	0
deletion	CHROMOSOME_V:15681001-15685000	4000	0.126053	59.9	1.44351e-20	13961	3.42623e-10	0
deletion	CHROMOSOME_V:15907001-15910000	3000	0.117188	1715.7	3.64645e-13	1	1	0
deletion	CHROMOSOME_V:16106001-16112000	6000	0.253102	61.0512	6.55605e-06	37.1363	5.03957e-24	0
deletion	CHROMOSOME_V:16312001-16314000	2000	0.105081	34833	2.03429e-07	1	1	0
deletion	CHROMOSOME_V:16524001-16526000	2000	0.211799	36507.4	0.000438452	1	1	0
deletion	CHROMOSOME_V:17130001-17132000	2000	0.00135993	439.993	2.3517e-15	1	1	0
deletion	CHROMOSOME_V:17195001-17197000	2000	0.179737	21453.6	2.78553e-06	1	1	0
deletion	CHROMOSOME_V:17265001-17267000	2000	0.0415307	13995.7	5.9939e-12	1	1	0
deletion	CHROMOSOME_V:17385001-17394000	9000	0.0907329	0.0355161	5.07381e-27	1.20607	4.47073e-19	0
deletion	CHROMOSOME_V:17627001-17634000	7000	0.437981	2.94707	2.88878e-07	221.852	0.0107492	0
deletion	CHROMOSOME_V:18048001-18064000	16000	0.399548	9.96078e-11	8.87711e-41	1.31596e-08	1.37086e-34	0
deletion	CHROMOSOME_V:18428001-18430000	2000	0.0840866	29621.1	1.22246e-08	1	1	0
deletion	CHROMOSOME_V:18764001-18767000	3000	0.272148	10698	0.0335485	1	1	0
deletion	CHROMOSOME_V:18882001-18884000	2000	0.273144	7947.68	0.000210983	1	1	0
deletion	CHROMOSOME_V:19851001-19870000	19000	0.6003	0.00334709	41.5814	0.00637796	278.017	0
deletion	CHROMOSOME_V:19950001-19953000	3000	0.224508	6167.68	1.05947e-05	1	1	0
deletion	CHROMOSOME_V:20042001-20045000	3000	0.39315	1666.73	0.000334578	1	1	0
deletion	CHROMOSOME_V:20273001-20275000	2000	0.194113	6140.15	3.81146e-07	1	1	0
deletion	CHROMOSOME_V:20434001-20438000	4000	0.139205	27.5583	3.8186e-23	5529.82	3.31107e-07	0
deletion	CHROMOSOME_V:20510001-20514000	4000	0.15274	1118.27	8.12856e-07	6986.53	6.63035e-12	0
deletion	CHROMOSOME_X:63001-66000	3000	0	1.88003	1.40558e-27	1	1	0
deletion	CHROMOSOME_X:168001-170000	2000	0.22505	7083.11	5.14112e-06	1	1	0
deletion	CHROMOSOME_X:188001-190000	2000	0.240186	45844.6	0.0121475	1	1	0
deletion	CHROMOSOME_X:288001-292000	4000	0.299923	2526.96	0.000792438	110761	1508.34	0
deletion	CHROMOSOME_X:317001-322000	5000	0.516056	18.17	8.32892e-05	88.8989	0.7282	0
deletion	CHROMOSOME_X:1136001-1141000	5000	0.140024	3.84282	1.42388e-28	393.251	2.45025e-18	0
deletion	CHROMOSOME_X:1782001-1785000	3000	0.440693	384.867	0.0028764	1	1	0
duplication	CHROMOSOME_X:1940001-1954000	14000	1.99593	0.00947767	7.53029e-10	0.130412	3.39838e-07	0
deletion	CHROMOSOME_X:2992001-2995000	3000	0.0765826	392.878	7.76464e-19	1	1	0
deletion	CHROMOSOME_X:3073001-3078000	5000	0.162779	3.47943	2.73211e-25	312.166	3.2148e-15	0
deletion	CHROMOSOME_X:3722001-3724000	2000	0.198766	58786.4	0.00990148	1	1	0
deletion	CHROMOSOME_X:3846001-3848000	2000	0.0645665	1555.91	1.60063e-12	1	1	0
deletion	CHROMOSOME_X:4026001-4056000	30000	0.185979	5.31242e-12	2.71823e-52	5.69188e-12	3.1808e-48	0
deletion	CHROMOSOME_X:4203001-4206000	3000	0.240962	1944.36	6.32358e-09	1	1	0
deletion	CHROMOSOME_X:5045001-5055000	10000	0.122891	0.00166491	2.57455e-29	0.000224472	1.31831e-55	0
deletion	CHROMOSOME_X:5227001-5234000	7000	0.373955	95.6453	7.94434e-05	468.227	0.0249292	0
deletion	CHROMOSOME_X:5284001-5286000	2000	0.291801	9870.98	0.00106862	1	1	0
deletion	CHROMOSOME_X:5906001-5916000	10000	0.147254	0.00990089	5.15333e-20	0.00345003	8.799e-46	0
deletion	CHROMOSOME_X:6826001-6830000	4000	0.107439	614.618	2.00662e-11	582.979	2.57183e-15	0
deletion	CHROMOSOME_X:7017001-7019000	2000	0.161714	1332.27	9.45554e-09	1	1	0
deletion	CHROMOSOME_X:7352001-7361000	9000	0.00884662	1.18644e-09	4.64919e-87	7.72529e-06	8.99891e-66	0
deletion	CHROMOSOME_X:9185001-9187000	2000	0.0684031	23702.6	8.0034e-10	1	1	0
deletion	CHROMOSOME_X:9604001-9608000	4000	0.207742	994.131	8.38312e-10	8142.17	8.64414e-13	0
deletion	CHROMOSOME_X:10361001-10370000	9000	0.236411	0.0172948	2.19509e-31	0.420934	1.80405e-22	0
deletion	CHROMOSOME_X:11975001-11980000	5000	0.303142	286.532	5.438e-08	2450.4	9.65027e-10	0
deletion	CHROMOSOME_X:13648001-13650000	2000	0.248748	24677.8	0.00063535	1	1	0
deletion	CHROMOSOME_X:13807001-13809000	2000	0.216397	36688.5	0.000607796	1	1	0
deletion	CHROMOSOME_X:14061001-14063000	2000	0.341271	11682.2	0.0373559	1	1	0
deletion	CHROMOSOME_X:14362001-14364000	2000	0.0964321	119.133	2.14453e-11	1	1	0
deletion	CHROMOSOME_X:14385001-14390000	5000	0.0710644	5.73263	1.11652e-28	261.188	1.28704e-21	0
deletion	CHROMOSOME_X:14723001-14725000	2000	0.144524	2126.42	2.58352e-09	1	1	0
deletion	CHROMOSOME_X:15808001-15811000	3000	0.248496	1801.19	1.5447e-09	1	1	0
deletion	CHROMOSOME_X:16100001-16102000	2000	0.0831195	25070.1	3.71534e-09	1	1	0
deletion	CHROMOSOME_X:16758001-16761000	3000	0.189822	1950.52	1.1028e-10	1	1	0
deletion	CHROMOSOME_X:16932001-16940000	8000	0.329421	6.12768	0.00378351	113.292	3.53126	0
deletion	CHROMOSOME_X:17218001-17221000	3000	0.278595	2153.32	3.01445e-06	1	1	0
deletion	CHROMOSOME_X:17280001-17284000	4000	0.15049	271.818	6.92058e-15	16457.3	3.29904e-11	0
deletion	CHROMOSOME_X:17310001-17312000	2000	0.224322	51167.5	0.0115979	1	1	0
deletion	CHROMOSOME_X:17689001-17693000	4000	0.213556	357.164	3.17263e-10	15699.5	2.29598e-08	0
duplication	CHROMOSOME_MtDNA:1-14000	14000	24.2891	0.0100747	0	0.00233459	0	0
