deletion	CHROMOSOME_I:185001-189000	4000	0.16201	592.677	2.57406e-05	14191.9	6.56808e-06	0
deletion	CHROMOSOME_I:339001-341000	2000	0.0844391	11240.3	3.60344e-05	1	1	0
deletion	CHROMOSOME_I:597001-618000	21000	0.583656	0.00624132	1.66985e-09	0.0350716	9.10703e-08	0
deletion	CHROMOSOME_I:676001-702000	26000	0.660011	0.00182733	9656.44	0.00970725	25458.6	0
deletion	CHROMOSOME_I:1117001-1125000	8000	0.274618	0.0379511	3.55755e-13	0.229216	2.45018e-16	0
deletion	CHROMOSOME_I:1369001-1431000	62000	0.631195	2.57052e-12	4.11023e-05	2.65621e-12	0.000114935	0
deletion	CHROMOSOME_I:1472001-1475000	3000	0.181697	1848.09	1.16915e-05	1	1	0
deletion	CHROMOSOME_I:1658001-1663000	5000	0.325092	457.371	0.00388552	20567.6	217.211	0
deletion	CHROMOSOME_I:1739001-1759000	20000	0.585246	0.00603884	24.9791	0.0309878	159.817	0
deletion	CHROMOSOME_I:1887001-1890000	3000	0.2311	258.96	2.35756e-06	1	1	0
deletion	CHROMOSOME_I:1975001-2041000	66000	0.72494	2.41474e-12	0.0959825	2.4902e-12	0.199362	0
deletion	CHROMOSOME_I:2129001-2133000	4000	0.396132	76.9954	0.00765466	8118.75	120.78	0
deletion	CHROMOSOME_I:2213001-2216000	3000	0.199205	865.731	3.6013e-06	1	1	0
deletion	CHROMOSOME_I:2365001-2368000	3000	0.226029	2887.54	0.00374103	1	1	0
deletion	CHROMOSOME_I:3485001-3488000	3000	0.136673	1983.98	2.33533e-07	1	1	0
deletion	CHROMOSOME_I:3664001-3666000	2000	0.120292	42253.1	0.0404692	1	1	0
deletion	CHROMOSOME_I:3761001-3766000	5000	0.224348	123.705	6.73101e-06	8662.45	4.78698	0
deletion	CHROMOSOME_I:4281001-4294000	13000	0.0224991	1.22594e-11	2.39465e-71	1.44884e-11	7.04373e-81	0
deletion	CHROMOSOME_I:4341001-4357000	16000	0	9.96078e-12	2.01439e-129	1.13838e-11	3.74439e-112	0
duplication	CHROMOSOME_I:4387001-4402000	15000	1.30402	0.0427385	2.90807	0.157661	13.0662	0
deletion	CHROMOSOME_I:4540001-4547000	7000	0.344679	22.3633	0.0164377	883.943	26.7853	0
deletion	CHROMOSOME_I:4814001-4816000	2000	0.122525	28573.6	0.00555028	1	1	0
deletion	CHROMOSOME_I:4959001-4962000	3000	0.371668	39.7658	0.00780807	1	1	0
deletion	CHROMOSOME_I:5638001-5643000	5000	0.339896	24.8741	6.45989e-08	1633.76	0.00629199	0
deletion	CHROMOSOME_I:8619001-8623000	4000	0.178538	1219.49	0.00181674	945.51	2.32889e-08	0
duplication	CHROMOSOME_I:8983001-8992000	9000	2.13816	0.0140146	1.74973e-38	0.132999	4.89339e-54	0
deletion	CHROMOSOME_I:9679001-9683000	4000	0.148091	1091.82	0.00567637	3654.88	3.96584e-07	0
deletion	CHROMOSOME_I:9817001-9823000	6000	0.212005	31.9052	2.04637e-09	1644.95	0.00229087	0
deletion	CHROMOSOME_I:10204001-10221000	17000	0.2035	0.00134584	5.43134e+08	0.00751932	6.60664e+08	0
deletion	CHROMOSOME_I:10271001-10277000	6000	0.240552	10.4741	3.80056e-10	131.351	5.93808e-11	0
deletion	CHROMOSOME_I:10528001-10530000	2000	0.174118	1362.36	0.00149469	1	1	0
duplication	CHROMOSOME_I:10556001-10565000	9000	2.2245	0.00420999	1.48954e-75	0.487324	7.99922e-57	0
deletion	CHROMOSOME_I:11170001-11172000	2000	0.165412	27603.6	0.043072	1	1	0
deletion	CHROMOSOME_I:11228001-11232000	4000	0.266347	702.946	8.11542e-05	24523.1	0.00517528	0
deletion	CHROMOSOME_I:11480001-11482000	2000	0.0720709	1663.99	2.87263e-06	1	1	0
deletion	CHROMOSOME_I:11849001-11852000	3000	0.115574	1358.93	1.11396e-09	1	1	0
deletion	CHROMOSOME_I:13016001-13019000	3000	0.101836	421.024	4.25919e-10	1	1	0
deletion	CHROMOSOME_I:13404001-13408000	4000	0.0968842	615.462	2.18501e-06	1298.62	1.54453e-08	0
deletion	CHROMOSOME_I:13610001-13615000	5000	0.0210099	0.0161136	3.23434e-30	91.3555	1.22768e-14	0
deletion	CHROMOSOME_I:13740001-13742000	2000	0.0226353	7482.21	3.51924e-07	1	1	0
deletion	CHROMOSOME_I:13932001-13937000	5000	0.3665	48.1485	0.00315296	1305.37	0.0177679	0
deletion	CHROMOSOME_I:14452001-14457000	5000	0.240577	21.8357	9.85022e-11	2743.99	0.00601563	0
deletion	CHROMOSOME_I:14885001-14891000	6000	0.0171695	0.000490052	3.25744e-37	0.22429	6.60942e-24	0
duplication	CHROMOSOME_I:15060001-15073000	13000	62.3317	0.0227988	0	0.00847585	0	0
deletion	CHROMOSOME_II:16001-18000	2000	0.00538579	1749.57	3.29027e-08	1	1	0
deletion	CHROMOSOME_II:140001-146000	6000	0.260867	11.2661	1.12055e-10	401.282	0.000130928	0
deletion	CHROMOSOME_II:478001-481000	3000	0.221374	6994.01	0.0222997	1	1	0
deletion	CHROMOSOME_II:692001-712000	20000	0.64982	0.0419023	1.98466	0.0816787	16.3576	0
deletion	CHROMOSOME_II:851001-858000	7000	0.086299	0.0102266	1.30654e-29	0.231333	2.48829e-27	0
deletion	CHROMOSOME_II:894001-896000	2000	0.143242	13199.2	0.00155292	1	1	0
deletion	CHROMOSOME_II:1034001-1040000	6000	0.172305	4.04039	2.14231e-14	42.3783	2.92147e-16	0
deletion	CHROMOSOME_II:1076001-1081000	5000	0.0268553	0.0901978	2.78665e-29	180.1	4.46954e-14	0
deletion	CHROMOSOME_II:1363001-1366000	3000	0.220651	2337.07	0.00132585	1	1	0
deletion	CHROMOSOME_II:1451001-1459000	8000	0.132134	0.000183484	2.202e-31	0.111408	2.353e-21	0
deletion	CHROMOSOME_II:1511001-1515000	4000	0.33681	426.161	0.00715535	37600.2	13.4987	0
deletion	CHROMOSOME_II:1797001-1799000	2000	0.102218	24367.2	0.00095408	1	1	0
deletion	CHROMOSOME_II:1950001-1953000	3000	0.291265	685.401	0.000270828	1	1	0
deletion	CHROMOSOME_II:1961001-1987000	26000	0.0261481	6.12971e-12	3.12582e-109	6.64052e-12	7.9148e-177	0
deletion	CHROMOSOME_II:2001001-2010000	9000	0.0800129	0.136355	2.8137e-06	3.25712e-06	1.73665e-45	0
deletion	CHROMOSOME_II:2267001-2270000	3000	0.292815	3400.68	0.0169832	1	1	0
deletion	CHROMOSOME_II:2497001-2499000	2000	0.197792	10577.4	0.0213069	1	1	0
deletion	CHROMOSOME_II:2593001-2600000	7000	0.0200844	6.40086e-06	2.76857e-45	0.00299945	1.21596e-31	0
deletion	CHROMOSOME_II:2980001-2983000	3000	0.226458	6847.93	0.00396088	1	1	0
deletion	CHROMOSOME_II:3160001-3169000	9000	0.0604211	0.00572753	1.87712e-20	3.72037e-05	1.45437e-42	0
deletion	CHROMOSOME_II:3226001-3229000	3000	0.155202	4817.21	0.00132585	1	1	0
deletion	CHROMOSOME_II:3939001-3947000	8000	0.112906	0.101211	1.85239e-19	0.0461895	3.41438e-29	0
deletion	CHROMOSOME_II:4052001-4054000	2000	0.0943717	32333.9	0.00232472	1	1	0
deletion	CHROMOSOME_II:4554001-4556000	2000	0.0150652	1514.92	6.11513e-08	1	1	0
deletion	CHROMOSOME_II:6068001-6071000	3000	0.186529	1067.06	3.57971e-07	1	1	0
deletion	CHROMOSOME_II:7079001-7081000	2000	0	1298.62	1.54453e-08	1	1	0
deletion	CHROMOSOME_II:9202001-9204000	2000	0.0915345	4670.54	1.72806e-05	1	1	0
deletion	CHROMOSOME_II:9567001-9569000	2000	0.109977	28480.4	0.00282909	1	1	0
deletion	CHROMOSOME_II:9802001-9825000	23000	0.294398	0.0180903	1.80263e+07	0.0200507	1.9389e+07	0
deletion	CHROMOSOME_II:10337001-10339000	2000	0.00677604	2204.27	3.99451e-08	1	1	0
deletion	CHROMOSOME_II:11230001-11232000	2000	0.116794	23692	0.00189108	1	1	0
deletion	CHROMOSOME_II:11527001-11531000	4000	0.290782	725.556	0.0496206	31302.4	0.399979	0
deletion	CHROMOSOME_II:11955001-11958000	3000	0.204258	12.2193	2.03479e-08	1	1	0
deletion	CHROMOSOME_II:12134001-12150000	16000	0.737893	0.000905569	0.122352	0.00629275	2.42055	0
deletion	CHROMOSOME_II:12285001-12287000	2000	0.179136	17044.9	0.0194916	1	1	0
deletion	CHROMOSOME_II:13430001-13433000	3000	0.00432302	1.51248	7.32285e-17	1	1	0
deletion	CHROMOSOME_II:14324001-14337000	13000	0.142569	0.00132327	1.67138	0.0583361	44.0391	0
deletion	CHROMOSOME_II:14687001-14694000	7000	0.187116	44.6057	0.006473	0.0875603	2.31577e-28	0
deletion	CHROMOSOME_II:14761001-14769000	8000	0.419884	3.02705	0.0137767	11.5062	1.81244e-05	0
deletion	CHROMOSOME_II:14877001-14880000	3000	0.22765	2816.19	0.000915565	1	1	0
deletion	CHROMOSOME_II:14991001-14995000	4000	0.200431	363.079	1.61564e-06	31232.1	0.00740017	0
deletion	CHROMOSOME_II:15095001-15097000	2000	0.0802896	1520.25	4.76567e-06	1	1	0
deletion	CHROMOSOME_II:15138001-15143000	5000	0.105033	3.52041	1.95928e-19	1536.15	3.61803e-08	0
deletion	CHROMOSOME_III:97001-107000	10000	0.21121	0.0121996	1.89488e-18	0.246016	5.17217e-13	0
deletion	CHROMOSOME_III:110001-114000	4000	0.342969	358.39	0.00187897	43513	56.8666	0
deletion	CHROMOSOME_III:233001-292000	59000	0.663979	2.70123e-12	2.80972e-15	2.79601e-12	1.83037e-14	0
deletion	CHROMOSOME_III:316001-334000	18000	0.173087	1.20282e-07	1.00274e-32	8.10788e-07	4.05047e-28	0
deletion	CHROMOSOME_III:388001-398000	10000	0.170723	0.0343337	9.29771e-13	7.87537e-05	6.35024e-43	0
deletion	CHROMOSOME_III:588001-591000	3000	0.171681	1950.76	1.61454e-05	1	1	0
deletion	CHROMOSOME_III:1027001-1124000	97000	0.666352	1.64302e-12	1.71773	1.67761e-12	2.66146	0
deletion	CHROMOSOME_III:1363001-1370000	7000	0.124753	0.282458	4.87772e-20	48.9753	8.09402e-12	0
deletion	CHROMOSOME_III:1480001-1702000	222000	0.717786	7.17894e-13	2.00158e-14	7.24421e-13	3.23588e-14	0
deletion	CHROMOSOME_III:2078001-2082000	4000	0	0.00642324	8.30923e-26	1298.62	1.54453e-08	0
deletion	CHROMOSOME_III:2485001-2505000	20000	0.498023	0.0309979	4.41675e-06	0.070162	0.000133781	0
deletion	CHROMOSOME_III:2761001-2766000	5000	0.368091	7.30284	7.08488e-06	1544.53	4.93643	0
deletion	CHROMOSOME_III:2815001-2830000	15000	0.687283	0.0319545	0.000534862	0.255514	0.0266408	0
deletion	CHROMOSOME_III:3180001-3183000	3000	0.326179	953.087	0.0244144	1	1	0
deletion	CHROMOSOME_III:3385001-3387000	2000	0.155729	21112.8	0.0102064	1	1	0
deletion	CHROMOSOME_III:3895001-3898000	3000	0.219415	1092.2	3.19084e-05	1	1	0
deletion	CHROMOSOME_III:4254001-4257000	3000	0.212391	2392.94	0.000903485	1	1	0
deletion	CHROMOSOME_III:5786001-5790000	4000	0.308714	162.842	1.38907e-05	35447	34.1413	0
deletion	CHROMOSOME_III:6567001-6577000	10000	0.160199	0.054994	2.31731e-09	2.38254	9.6293e-06	0
deletion	CHROMOSOME_III:6659001-6665000	6000	0.304241	8.31134	1.00386e-10	322.213	1.67643e-06	0
deletion	CHROMOSOME_III:7403001-7444000	41000	0.0713874	3.88713e-12	7.24974e-45	4.08647e-12	1.73018e-69	0
deletion	CHROMOSOME_III:7448001-7453000	5000	0.100662	36.6733	3.75404e-11	20.2261	6.10372e-16	0
deletion	CHROMOSOME_III:7595001-7605000	10000	0.428716	0.79	1.22675e-05	9.29503	0.00917513	0
deletion	CHROMOSOME_III:10219001-10222000	3000	0.0946834	764.541	1.7368e-10	1	1	0
deletion	CHROMOSOME_III:11147001-11167000	20000	0.606255	0.0385251	3043.27	0.130044	12045.1	0
deletion	CHROMOSOME_III:11429001-11437000	8000	0.284637	0.680681	1.93372e-08	5.89291	4.63094e-10	0
deletion	CHROMOSOME_III:11594001-11602000	8000	0.03411	3.92036e-06	8.26394e-50	0.00398771	3.56779e-35	0
deletion	CHROMOSOME_III:11605001-11607000	2000	0.0601208	19643.3	3.83692e-05	1	1	0
deletion	CHROMOSOME_III:11642001-11648000	6000	0.203462	77.7174	0.000259623	772.935	4.20625e-05	0
deletion	CHROMOSOME_III:11734001-11737000	3000	0.226672	514.46	2.0911e-06	1	1	0
deletion	CHROMOSOME_III:11964001-11968000	4000	0.345939	129.552	1.27401e-05	17704.3	191.251	0
deletion	CHROMOSOME_III:12265001-12348000	83000	0.713401	1.92015e-12	3.19769e+07	1.96756e-12	3.5637e+07	0
deletion	CHROMOSOME_III:12476001-12479000	3000	0.191975	1873.03	8.45148e-06	1	1	0
deletion	CHROMOSOME_III:12646001-12649000	3000	0.309871	215.538	0.000685088	1	1	0
deletion	CHROMOSOME_III:12698001-12709000	11000	0.4929	0.038178	4.44086e-09	0.653325	1.62427e-08	0
deletion	CHROMOSOME_III:13075001-13086000	11000	0.00585826	1.44884e-11	1.45257e-81	1.77081e-11	3.79816e-65	0
deletion	CHROMOSOME_III:13446001-13449000	3000	0.284402	870.756	0.000915565	1	1	0
deletion	CHROMOSOME_III:13584001-13601000	17000	0.0689287	9.37485e-12	5.93716e-64	1.06248e-11	1.30344e-96	0
deletion	CHROMOSOME_III:13610001-13613000	3000	0.199323	1572.64	1.48051e-05	1	1	0
deletion	CHROMOSOME_IV:508001-513000	5000	0.0189782	0.0540475	7.17219e-29	173.61	7.88142e-14	0
deletion	CHROMOSOME_IV:689001-707000	18000	0.208381	0.00757648	322109	0.11873	884903	0
deletion	CHROMOSOME_IV:891001-911000	20000	0.0263906	7.96863e-12	6.37873e-138	8.85403e-12	2.95164e-123	0
deletion	CHROMOSOME_IV:1270001-1273000	3000	0.200831	5314.79	0.000865109	1	1	0
deletion	CHROMOSOME_IV:1274001-1298000	24000	0.689622	0.0275013	1.77881	0.0829827	10.4101	0
deletion	CHROMOSOME_IV:1703001-1706000	3000	0.131749	241.807	6.3895e-10	1	1	0
deletion	CHROMOSOME_IV:1809001-1817000	8000	0.471565	3.86069	0.0285344	17.1105	0.631524	0
deletion	CHROMOSOME_IV:1931001-1933000	2000	0.111697	19616.9	0.000737932	1	1	0
deletion	CHROMOSOME_IV:2368001-2408000	40000	0.641184	1.16663e-06	0.272557	4.99527e-06	0.864144	0
deletion	CHROMOSOME_IV:2484001-2487000	3000	0.278249	3520.28	0.00971823	1	1	0
deletion	CHROMOSOME_IV:2574001-2576000	2000	0.045776	13111.6	4.73257e-06	1	1	0
deletion	CHROMOSOME_IV:4414001-4421000	7000	0.33576	54.5995	0.0354395	1010.82	46.3676	0
deletion	CHROMOSOME_IV:4823001-4825000	2000	0.157971	20192.3	0.0100302	1	1	0
deletion	CHROMOSOME_IV:4921001-4928000	7000	0.149919	0.461887	1.93392e-20	55.9999	4.18003e-12	0
deletion	CHROMOSOME_IV:6348001-6353000	5000	0.427078	10.6741	4.75732e-05	3036.48	15.475	0
deletion	CHROMOSOME_IV:6662001-6676000	14000	0.42661	0.102359	3.66869e-07	0.522474	6.83933e-05	0
deletion	CHROMOSOME_IV:6683001-6729000	46000	0.169848	3.46462e-12	17594.5	3.6221e-12	29649.3	0
deletion	CHROMOSOME_IV:8072001-8074000	2000	0.107787	37596.6	0.0107415	1	1	0
deletion	CHROMOSOME_IV:8401001-8404000	3000	0.204345	2155.32	2.93137e-06	1	1	0
deletion	CHROMOSOME_IV:8466001-8471000	5000	0.222022	128.384	8.81733e-05	2051.3	1.72308e-06	0
deletion	CHROMOSOME_IV:9409001-9414000	5000	0.215773	233.991	9.91365e-05	5588.46	0.00784072	0
deletion	CHROMOSOME_IV:9685001-9687000	2000	0.173596	17894.6	0.0164185	1	1	0
deletion	CHROMOSOME_IV:11302001-11304000	2000	0.21451	6912.31	0.0318567	1	1	0
deletion	CHROMOSOME_IV:11419001-11421000	2000	0.0868124	10464.3	3.62528e-05	1	1	0
deletion	CHROMOSOME_IV:11611001-11615000	4000	0.0030738	0.000559206	1.50258e-25	26.1211	2.07699e-08	0
deletion	CHROMOSOME_IV:12022001-12026000	4000	0.0606299	6.95405	5.9533e-19	8884.33	1.14138e-06	0
deletion	CHROMOSOME_IV:12248001-12251000	3000	0.214974	380.459	2.26787e-06	1	1	0
deletion	CHROMOSOME_IV:12254001-12257000	3000	0.22112	2578.6	0.00223002	1	1	0
deletion	CHROMOSOME_IV:13294001-13297000	3000	0.140419	1793.27	2.28977e-06	1	1	0
deletion	CHROMOSOME_IV:13436001-13439000	3000	0.0890583	1099.41	2.09518e-09	1	1	0
deletion	CHROMOSOME_IV:13462001-13465000	3000	0.186791	596.561	1.97519e-07	1	1	0
deletion	CHROMOSOME_IV:13733001-13741000	8000	0.337423	2.26723	1.65955e-07	23.4079	9.00574e-06	0
deletion	CHROMOSOME_IV:13929001-13934000	5000	0.118343	36.7216	2.60599e-10	147.774	3.49113e-13	0
deletion	CHROMOSOME_IV:14234001-14237000	3000	0.226936	2778.24	0.00450674	1	1	0
deletion	CHROMOSOME_IV:14476001-14482000	6000	0.19847	16.5954	7.07468e-06	8.65175	3.12917e-16	0
deletion	CHROMOSOME_IV:15075001-15083000	8000	0.115731	0.0728801	8.75301e-16	0.0219098	1.38837e-29	0
deletion	CHROMOSOME_IV:15342001-15345000	3000	0.23627	5528.59	0.00590435	1	1	0
deletion	CHROMOSOME_IV:15484001-15486000	2000	0.12691	35289.3	0.0194916	1	1	0
deletion	CHROMOSOME_IV:15597001-15601000	4000	0.232481	689.708	9.21696e-05	15572.2	0.000133261	0
deletion	CHROMOSOME_IV:15708001-15710000	2000	0.0749048	3818.85	5.15889e-06	1	1	0
deletion	CHROMOSOME_IV:16127001-16130000	3000	0.202426	2749.65	0.000119093	1	1	0
deletion	CHROMOSOME_IV:16680001-16682000	2000	0.176141	8404.25	0.00476701	1	1	0
deletion	CHROMOSOME_IV:16843001-16870000	27000	0.677239	5.52767e-05	0.00277735	0.000248268	0.0215569	0
deletion	CHROMOSOME_IV:16879001-16884000	5000	0.260767	324.372	6.29864e-07	8173.55	0.215069	0
deletion	CHROMOSOME_IV:16933001-16972000	39000	0.678225	7.59843e-07	2.53095e+09	3.56854e-06	2.54736e+09	0
deletion	CHROMOSOME_IV:17060001-17063000	3000	0.137859	3659.81	0.000136312	1	1	0
deletion	CHROMOSOME_IV:17139001-17143000	4000	0.289016	770.876	0.0246257	23231.3	0.0279724	0
deletion	CHROMOSOME_IV:17389001-17392000	3000	0.107602	230.115	6.30724e-11	1	1	0
deletion	CHROMOSOME_V:739001-742000	3000	0.247031	5886.07	0.00459746	1	1	0
deletion	CHROMOSOME_V:766001-771000	5000	0.0110265	0.00279136	6.56914e-32	16.688	3.42313e-16	0
deletion	CHROMOSOME_V:1108001-1111000	3000	0.28932	2250.55	0.013703	1	1	0
deletion	CHROMOSOME_V:1189001-1204000	15000	0.539677	0.0460988	231.723	0.495775	2045.08	0
deletion	CHROMOSOME_V:1215001-1218000	3000	0.0907981	835.974	8.48945e-10	1	1	0
deletion	CHROMOSOME_V:1254001-1259000	5000	0.133322	8.63748	5.15752e-14	132.213	7.58844e-12	0
deletion	CHROMOSOME_V:1834001-1838000	4000	0.229621	169.792	5.48156e-09	20744.2	0.00570551	0
deletion	CHROMOSOME_V:2346001-2564000	218000	0.416082	7.31067e-13	0	7.37836e-13	0	0
deletion	CHROMOSOME_V:3204001-3228000	24000	0.705926	0.039373	2.80584	0.0934411	15.8086	0
deletion	CHROMOSOME_V:3325001-3331000	6000	0.0650385	0.351135	1.35888e-23	0.22645	7.41201e-24	0
deletion	CHROMOSOME_V:3434001-3441000	7000	0.107402	0.0799129	9.1359e-25	2.35882	6.94344e-21	0
deletion	CHROMOSOME_V:3520001-3522000	2000	0.0845129	10721.4	3.29992e-05	1	1	0
deletion	CHROMOSOME_V:4333001-4337000	4000	0.175996	729.14	3.35941e-06	7826.52	5.9892e-08	0
deletion	CHROMOSOME_V:5638001-5642000	4000	0.19463	80.995	9.01293e-11	10583.4	0.0368585	0
deletion	CHROMOSOME_V:6070001-6096000	26000	0.102898	6.12971e-12	3.14045e-43	6.64052e-12	5.00183e-117	0
deletion	CHROMOSOME_V:6369001-6372000	3000	0.176847	4501.36	0.00503345	1	1	0
deletion	CHROMOSOME_V:6571001-6574000	3000	0.280688	299.161	0.000156825	1	1	0
deletion	CHROMOSOME_V:6938001-6940000	2000	0.0948646	9673.78	5.13992e-05	1	1	0
deletion	CHROMOSOME_V:7442001-7445000	3000	0.307067	2361.88	0.00766847	1	1	0
deletion	CHROMOSOME_V:7718001-7721000	3000	0.0687562	175.543	2.79983e-12	1	1	0
deletion	CHROMOSOME_V:7912001-7925000	13000	0.266314	0.0105725	0.00710118	0.13572	0.433488	0
deletion	CHROMOSOME_V:8328001-8331000	3000	0.272399	466.832	9.16969e-05	1	1	0
deletion	CHROMOSOME_V:8700001-8703000	3000	0.219259	1781.21	0.000128094	1	1	0
deletion	CHROMOSOME_V:8706001-8710000	4000	0.0410009	13.9068	1.41877e-18	4827.77	1.19843e-07	0
deletion	CHROMOSOME_V:9429001-9434000	5000	0.0377143	0.0444242	5.52729e-29	90.4953	6.74095e-14	0
deletion	CHROMOSOME_V:9602001-9605000	3000	0.160709	3134.1	0.000144439	1	1	0
deletion	CHROMOSOME_V:10135001-10143000	8000	0.393111	8.22446	0.00226865	55.6158	0.000373185	0
deletion	CHROMOSOME_V:10268001-10270000	2000	0.0606709	20854.5	4.94255e-05	1	1	0
deletion	CHROMOSOME_V:10605001-10610000	5000	0.152557	218.344	0.00681609	315.008	1.14977e-12	0
deletion	CHROMOSOME_V:12373001-12377000	4000	0.314625	159.615	3.01685e-06	26976.3	93.0665	0
deletion	CHROMOSOME_V:13640001-13646000	6000	0.0681725	0.0356695	5.02592e-29	0.171804	5.10548e-23	0
deletion	CHROMOSOME_V:14108001-14110000	2000	0.141552	1504.21	0.000219893	1	1	0
deletion	CHROMOSOME_V:14124001-14126000	2000	0.120631	24358.9	0.00258703	1	1	0
deletion	CHROMOSOME_V:14303001-14305000	2000	0.0494942	4362.91	1.10307e-06	1	1	0
deletion	CHROMOSOME_V:15555001-15559000	4000	0.331333	431.194	0.00567637	19332.4	0.399979	0
deletion	CHROMOSOME_V:15907001-15910000	3000	0.113954	1451.91	9.85855e-08	1	1	0
deletion	CHROMOSOME_V:16106001-16113000	7000	0.328211	37.5621	0.000372307	49.3322	5.00813e-07	0
deletion	CHROMOSOME_V:16312001-16314000	2000	0.102344	34433.9	0.00493935	1	1	0
deletion	CHROMOSOME_V:17130001-17132000	2000	0	1298.62	1.54453e-08	1	1	0
deletion	CHROMOSOME_V:17265001-17267000	2000	0.0237162	7848.09	4.0718e-07	1	1	0
deletion	CHROMOSOME_V:17385001-17394000	9000	0.103487	0.169965	1.0063e-07	7.00011	0.000456521	0
deletion	CHROMOSOME_V:17736001-17739000	3000	0.288366	2757.62	0.044136	1	1	0
deletion	CHROMOSOME_V:18038001-18045000	7000	0.483154	6.6376	0.0235892	56.2078	34.6695	0
deletion	CHROMOSOME_V:18428001-18430000	2000	0.0694253	23030.4	0.000121199	1	1	0
deletion	CHROMOSOME_V:18458001-18546000	88000	0.710554	1.81105e-12	5.09545e-19	1.85317e-12	2.17713e-18	0
duplication	CHROMOSOME_V:18698001-18725000	27000	2.69695	9.62643e-05	2.83624e+09	0.000310383	2.8388e+09	0
deletion	CHROMOSOME_V:18776001-18889000	113000	0.72187	1.41038e-12	3492.53	1.43579e-12	4444.56	0
deletion	CHROMOSOME_V:19108001-19125000	17000	0.491846	0.0269558	946927	0.398576	2.43181e+06	0
deletion	CHROMOSOME_V:19834001-19836000	2000	0.200323	3482.21	0.0091168	1	1	0
deletion	CHROMOSOME_V:19851001-19870000	19000	0.5198	0.000493275	24.9182	0.00325133	175.832	0
deletion	CHROMOSOME_V:19939001-19953000	14000	0.535989	0.347288	0.00200045	2.16931	0.109101	0
deletion	CHROMOSOME_V:20273001-20275000	2000	0.1515	13957.1	0.00276952	1	1	0
deletion	CHROMOSOME_V:20434001-20438000	4000	0.128483	38.4045	1.39059e-13	16081.7	0.0199809	0
deletion	CHROMOSOME_V:20510001-20514000	4000	0.1496	1261.94	0.0165991	11203	4.71604e-06	0
deletion	CHROMOSOME_X:14001-110000	96000	0.699263	1.66013e-12	1.18892e+09	1.69545e-12	1.21096e+09	0
deletion	CHROMOSOME_X:142001-170000	28000	0.665998	0.0288813	6.27179e+06	0.142512	9.71487e+06	0
deletion	CHROMOSOME_X:276001-292000	16000	0.570412	0.0372353	6.69767e-08	0.393351	8.0341e-06	0
deletion	CHROMOSOME_X:1136001-1141000	5000	0.148685	1.95717	6.89047e-18	196.653	7.1456e-11	0
duplication	CHROMOSOME_X:1940001-1958000	18000	2.22307	0.00239554	4.57718e-16	0.00378188	2.60536e-13	0
deletion	CHROMOSOME_X:2005001-2008000	3000	0.0282165	268.715	1.94781e-13	1	1	0
deletion	CHROMOSOME_X:2992001-2995000	3000	0.0462083	96.3361	1.15856e-13	1	1	0
deletion	CHROMOSOME_X:3073001-3078000	5000	0.126856	1.78877	5.45392e-20	648.102	1.67973e-08	0
deletion	CHROMOSOME_X:3363001-3366000	3000	0.213812	4304.72	0.0198488	1	1	0
deletion	CHROMOSOME_X:3846001-3848000	2000	0.0626825	7201.79	4.4543e-06	1	1	0
deletion	CHROMOSOME_X:4026001-4056000	30000	0.189544	5.31242e-12	4.23929e-30	5.69188e-12	1.64441e-27	0
deletion	CHROMOSOME_X:4203001-4206000	3000	0.223452	1954.43	2.20667e-05	1	1	0
deletion	CHROMOSOME_X:5045001-5056000	11000	0.151523	0.000612125	1.09695e-25	5.20844e-05	7.99431e-43	0
deletion	CHROMOSOME_X:5906001-5916000	10000	0.132974	0.00962368	2.24245e-16	0.010957	4.70045e-26	0
deletion	CHROMOSOME_X:6826001-6830000	4000	0.118894	908.855	0.000239725	1298.62	1.54453e-08	0
deletion	CHROMOSOME_X:7017001-7019000	2000	0.167305	16149	0.0091168	1	1	0
deletion	CHROMOSOME_X:7351001-7361000	10000	0.0402278	1.33793e-05	7.12877e-38	3.4024e-07	8.6856e-51	0
duplication	CHROMOSOME_X:7970001-7991000	21000	2.18766	1.51783e-11	5.46424e-114	0	2.66193e-102	0
deletion	CHROMOSOME_X:8047001-8089000	42000	0.00488789	3.79458e-12	2.208e-272	3.98431e-12	0	0
deletion	CHROMOSOME_X:9604001-9608000	4000	0.18839	813.564	0.000173697	3394.56	4.38626e-07	0
deletion	CHROMOSOME_X:10361001-10371000	10000	0.252141	0.015069	5.32378e-13	0.0163707	2.55986e-26	0
deletion	CHROMOSOME_X:11441001-11444000	3000	0.326974	38.8632	0.000545296	1	1	0
deletion	CHROMOSOME_X:11975001-11980000	5000	0.286816	166.703	1.26874e-05	2807.23	0.000248799	0
deletion	CHROMOSOME_X:12520001-12522000	2000	0.0615802	16055.7	2.16672e-05	1	1	0
deletion	CHROMOSOME_X:13648001-13650000	2000	0.224705	750.133	0.02441	1	1	0
deletion	CHROMOSOME_X:14362001-14364000	2000	0.084792	9404.79	2.65327e-05	1	1	0
deletion	CHROMOSOME_X:14723001-14725000	2000	0.145519	4986.96	0.000486995	1	1	0
deletion	CHROMOSOME_X:15808001-15811000	3000	0.253673	2007.89	0.000496464	1	1	0
deletion	CHROMOSOME_X:16100001-16102000	2000	0.0718517	15257.2	3.46999e-05	1	1	0
deletion	CHROMOSOME_X:16758001-16761000	3000	0.261334	1203.68	0.000185089	1	1	0
deletion	CHROMOSOME_X:16932001-16940000	8000	0.31121	4.78235	0.000234822	31.4087	0.00267987	0
deletion	CHROMOSOME_X:17280001-17284000	4000	0.188114	422.406	2.49605e-07	24125.8	0.00017227	0
deletion	CHROMOSOME_X:17690001-17693000	3000	0.129756	605.999	1.37995e-09	1	1	0
duplication	CHROMOSOME_MtDNA:1-14000	14000	25.9406	0.00244595	0	2.35277e-05	0	0
